1 311 27826112
0 311 217392
1 349 0
0 349 217392
1 369 0
0 369 217392
1 415 0
0 415 217392
1 466 0
0 466 434783
1 622 0
0 622 217392
1 554 0
0 554 217392
1 466 0
0 466 434783
1 311 0
0 311 434783
1 466 0
0 466 217392
1 415 0
0 415 217392
1 369 0
0 369 217392
1 349 0
0 349 217392
1 311 0
0 311 217392
1 349 0
0 349 217392
1 369 0
0 369 217392
1 415 0
0 415 217392
1 466 0
0 466 434783
1 415 0
0 415 217392
1 369 0
0 369 217392
1 349 0
0 349 217392
1 311 0
0 311 217392
1 349 0
0 349 217392
1 369 0
0 369 217392
1 349 0
0 349 217392
1 311 0
0 311 217392
1 293 0
0 293 217392
1 369 0
0 369 217392
1 311 0
0 311 217392
1 349 0
0 349 217392
1 369 0
0 369 217392
1 415 0
0 415 217392
1 466 0
0 466 434783
1 622 0
0 622 217392
1 554 0
0 554 217392
1 466 0
0 466 434783
1 311 0
0 311 434783
1 466 0
0 466 217392
1 415 0
0 415 217392
1 369 0
0 369 217392
1 349 0
0 349 217392
1 311 0
0 311 217392
1 349 0
0 349 217392
1 369 0
0 369 217392
1 415 0
0 415 217392
1 466 0
0 466 434783
1 415 0
0 415 217392
1 369 0
0 369 217392
1 349 0
0 349 434783
1 369 0
0 369 434783
1 415 0
0 415 434783
1 466 0
0 466 434783
1 311 0
0 311 217392
1 349 0
0 349 217392
1 369 0
0 369 217392
1 415 0
0 415 217392
1 466 0
0 466 434783
1 622 0
0 622 217392
1 554 0
0 554 217392
1 466 0
0 466 434783
1 311 0
0 311 434783
1 466 0
0 466 217392
1 415 0
0 415 217392
1 369 0
0 369 217392
1 349 0
0 349 217392
1 311 0
0 311 217392
1 349 0
0 349 217392
1 369 0
0 369 217392
1 415 0
0 415 217392
1 466 0
0 466 434783
1 415 0
0 415 217392
1 369 0
0 369 217392
1 349 0
0 349 217392
1 311 0
0 311 217392
1 349 0
0 349 217392
1 369 0
0 369 217392
1 349 0
0 349 217392
1 311 0
0 311 217392
1 293 0
0 293 217392
1 369 0
0 369 217392
1 311 0
0 311 217392
1 349 0
0 349 217392
1 369 0
0 369 217392
1 415 0
0 415 217392
1 466 0
0 466 434783
1 622 0
0 622 217392
1 554 0
0 554 217392
1 466 0
0 466 434783
1 311 0
0 311 434783
1 466 0
0 466 217392
1 415 0
0 415 217392
1 369 0
0 369 217392
1 349 0
0 349 217392
1 311 0
0 311 217392
1 349 0
0 349 217392
1 369 0
0 369 217392
1 415 0
0 415 217392
1 466 0
0 466 434783
1 415 0
0 415 217392
1 369 0
0 369 217392
1 349 0
0 349 434783
1 369 0
0 369 434783
1 415 0
0 415 434783
1 466 0
0 466 434783
1 554 0
0 554 217392
1 622 0
0 622 217392
1 466 0
0 466 217392
1 415 0
0 415 217392
1 466 0
0 466 434783
1 415 0
0 415 217392
1 466 0
0 466 217392
1 554 0
0 554 217392
1 622 0
0 622 217392
1 466 0
0 466 217392
1 415 0
0 415 217392
1 466 0
0 466 434783
1 415 0
0 415 217392
1 466 0
0 466 217392
1 415 0
0 415 217392
1 369 0
0 369 217392
1 349 0
0 349 217392
1 277 0
0 277 217392
1 311 0
0 311 434783
1 277 0
0 277 217392
1 311 0
0 311 217392
1 349 0
0 349 217392
1 369 0
0 369 217392
1 415 0
0 415 217392
1 466 0
0 466 217392
1 311 0
0 311 434783
1 415 0
0 415 217392
1 466 0
0 466 217392
1 554 0
0 554 217392
1 622 0
0 622 217392
1 466 0
0 466 217392
1 415 0
0 415 217392
1 466 0
0 466 434783
1 415 0
0 415 217392
1 466 0
0 466 217392
1 554 0
0 554 217392
1 622 0
0 622 217392
1 466 0
0 466 217392
1 415 0
0 415 217392
1 466 0
0 466 434783
1 415 0
0 415 217392
1 466 0
0 466 217392
1 415 0
0 415 217392
1 369 0
0 369 217392
1 349 0
0 349 217392
1 277 0
0 277 217392
1 311 0
0 311 434783
1 277 0
0 277 217392
1 311 0
0 311 217392
1 349 0
0 349 217392
1 369 0
0 369 217392
1 415 0
0 415 217392
1 466 0
0 466 217392
1 311 0
0 311 434783
1 415 0
0 415 217392
1 466 0
0 466 217392
1 554 0
0 554 217392
1 622 0
0 622 217392
1 466 0
0 466 217392
1 415 0
0 415 217392
1 466 0
0 466 434783
1 415 0
0 415 217392
1 466 0
0 466 217392
1 554 0
0 554 217392
1 622 0
0 622 217392
1 466 0
0 466 217392
1 415 0
0 415 217392
1 466 0
0 466 434783
1 415 0
0 415 217392
1 466 0
0 466 217392
1 415 0
0 415 217392
1 369 0
0 369 217392
1 349 0
0 349 217392
1 277 0
0 277 217392
1 311 0
0 311 434783
1 277 0
0 277 217392
1 311 0
0 311 217392
1 349 0
0 349 217392
1 369 0
0 369 217392
1 415 0
0 415 217392
1 466 0
0 466 217392
1 311 0
0 311 434783
1 415 0
0 415 217392
1 466 0
0 466 217392
1 554 0
0 554 217392
1 622 0
0 622 217392
1 466 0
0 466 217392
1 415 0
0 415 217392
1 466 0
0 466 434783
1 415 0
0 415 217392
1 466 0
0 466 217392
1 554 0
0 554 217392
1 622 0
0 622 217392
1 466 0
0 466 217392
1 415 0
0 415 217392
1 466 0
0 466 434783
1 622 0
0 622 217392
1 698 0
0 698 217392
1 739 0
0 739 217392
1 698 0
0 698 217392
1 622 0
0 622 217392
1 554 0
0 554 217392
1 466 0
0 466 434783
1 415 0
0 415 217392
1 466 0
0 466 217392
1 415 0
0 415 217392
1 369 0
0 369 217392
1 349 0
0 349 217392
1 277 0
0 277 217392
1 311 0
0 311 217392
1 415 217392
0 415 217392
1 466 0
0 466 217392
1 554 0
0 554 217392
1 622 0
0 622 217392
1 466 0
0 466 217392
1 415 0
0 415 217392
1 466 0
0 466 434783
1 415 0
0 415 217392
1 466 0
0 466 217392
1 554 0
0 554 217392
1 622 0
0 622 217392
1 466 0
0 466 217392
1 415 0
0 415 217392
1 466 0
0 466 434783
1 415 0
0 415 217392
1 466 0
0 466 217392
1 415 0
0 415 217392
1 369 0
0 369 217392
1 349 0
0 349 217392
1 277 0
0 277 217392
1 311 0
0 311 434783
1 277 0
0 277 217392
1 311 0
0 311 217392
1 349 0
0 349 217392
1 369 0
0 369 217392
1 415 0
0 415 217392
1 466 0
0 466 217392
1 311 0
0 311 434783
1 415 0
0 415 217392
1 466 0
0 466 217392
1 554 0
0 554 217392
1 622 0
0 622 217392
1 466 0
0 466 217392
1 415 0
0 415 217392
1 466 0
0 466 434783
1 415 0
0 415 217392
1 466 0
0 466 217392
1 554 0
0 554 217392
1 622 0
0 622 217392
1 466 0
0 466 217392
1 415 0
0 415 217392
1 466 0
0 466 434783
1 415 0
0 415 217392
1 466 0
0 466 217392
1 415 0
0 415 217392
1 369 0
0 369 217392
1 349 0
0 349 217392
1 277 0
0 277 217392
1 311 0
0 311 434783
1 277 0
0 277 217392
1 311 0
0 311 217392
1 349 0
0 349 217392
1 369 0
0 369 217392
1 415 0
0 415 217392
1 466 0
0 466 217392
1 311 0
0 311 434783
1 415 0
0 415 217392
1 466 0
0 466 217392
1 554 0
0 554 217392
1 622 0
0 622 217392
1 466 0
0 466 217392
1 415 0
0 415 217392
1 466 0
0 466 434783
1 415 0
0 415 217392
1 466 0
0 466 217392
1 554 0
0 554 217392
1 622 0
0 622 217392
1 466 0
0 466 217392
1 415 0
0 415 217392
1 466 0
0 466 434783
1 415 0
0 415 217392
1 466 0
0 466 217392
1 415 0
0 415 217392
1 369 0
0 369 217392
1 349 0
0 349 217392
1 277 0
0 277 217392
1 311 0
0 311 434783
1 277 0
0 277 217392
1 311 0
0 311 217392
1 349 0
0 349 217392
1 369 0
0 369 217392
1 415 0
0 415 217392
1 466 0
0 466 217392
1 311 0
0 311 434783
1 415 0
0 415 217392
1 466 0
0 466 217392
1 554 0
0 554 217392
1 622 0
0 622 217392
1 466 0
0 466 217392
1 415 0
0 415 217392
1 466 0
0 466 434783
1 415 0
0 415 217392
1 466 0
0 466 217392
1 554 0
0 554 217392
1 622 0
0 622 217392
1 466 0
0 466 217392
1 415 0
0 415 217392
1 466 0
0 466 434783
1 622 0
0 622 217392
1 698 0
0 698 217392
1 739 0
0 739 217392
1 698 0
0 698 217392
1 622 0
0 622 217392
1 554 0
0 554 217392
1 466 0
0 466 434783
1 415 0
0 415 217392
1 466 0
0 466 217392
1 415 0
0 415 217392
1 369 0
0 369 217392
1 349 0
0 349 217392
1 277 0
0 277 217392
1 311 0
0 311 217392
1 311 14565230
0 311 217392
1 349 0
0 349 217392
1 369 0
0 369 217392
1 415 0
0 415 217392
1 466 0
0 466 434783
1 622 0
0 622 217392
1 554 0
0 554 217392
1 466 0
0 466 434783
1 311 0
0 311 434783
1 466 0
0 466 217392
1 415 0
0 415 217392
1 369 0
0 369 217392
1 349 0
0 349 217392
1 311 0
0 311 217392
1 349 0
0 349 217392
1 369 0
0 369 217392
1 415 0
0 415 217392
1 466 0
0 466 434783
1 415 0
0 415 217392
1 369 0
0 369 217392
1 349 0
0 349 217392
1 311 0
0 311 217392
1 349 0
0 349 217392
1 369 0
0 369 217392
1 349 0
0 349 217392
1 311 0
0 311 217392
1 293 0
0 293 217392
1 369 0
0 369 217392
1 311 0
0 311 217392
1 349 0
0 349 217392
1 369 0
0 369 217392
1 415 0
0 415 217392
1 466 0
0 466 434783
1 622 0
0 622 217392
1 554 0
0 554 217392
1 466 0
0 466 434783
1 311 0
0 311 434783
1 466 0
0 466 217392
1 415 0
0 415 217392
1 369 0
0 369 217392
1 349 0
0 349 217392
1 311 0
0 311 217392
1 349 0
0 349 217392
1 369 0
0 369 217392
1 415 0
0 415 217392
1 466 0
0 466 434783
1 415 0
0 415 217392
1 369 0
0 369 217392
1 349 0
0 349 434783
1 369 0
0 369 434783
1 415 0
0 415 434783
1 466 0
0 466 434783
1 311 0
0 311 217392
1 349 0
0 349 217392
1 369 0
0 369 217392
1 415 0
0 415 217392
1 466 0
0 466 434783
1 622 0
0 622 217392
1 554 0
0 554 217392
1 466 0
0 466 434783
1 311 0
0 311 434783
1 466 0
0 466 217392
1 415 0
0 415 217392
1 369 0
0 369 217392
1 349 0
0 349 217392
1 311 0
0 311 217392
1 349 0
0 349 217392
1 369 0
0 369 217392
1 415 0
0 415 217392
1 466 0
0 466 434783
1 415 0
0 415 217392
1 369 0
0 369 217392
1 349 0
0 349 217392
1 311 0
0 311 217392
1 349 0
0 349 217392
1 369 0
0 369 217392
1 349 0
0 349 217392
1 311 0
0 311 217392
1 293 0
0 293 217392
1 369 0
0 369 217392
1 311 0
0 311 217392
1 349 0
0 349 217392
1 369 0
0 369 217392
1 415 0
0 415 217392
1 466 0
0 466 434783
1 622 0
0 622 217392
1 554 0
0 554 217392
1 466 0
0 466 434783
1 311 0
0 311 434783
1 466 0
0 466 217392
1 415 0
0 415 217392
1 369 0
0 369 217392
1 349 0
0 349 217392
1 311 0
0 311 217392
1 349 0
0 349 217392
1 369 0
0 369 217392
1 415 0
0 415 217392
1 466 0
0 466 434783
1 415 0
0 415 217392
1 369 0
0 369 217392
1 349 0
0 349 434783
1 369 0
0 369 434783
1 415 0
0 415 434783
1 466 0
0 466 434783
1 554 0
0 554 217392
1 622 0
0 622 217392
1 466 0
0 466 217392
1 415 0
0 415 217392
1 466 0
0 466 434783
1 415 0
0 415 217392
1 466 0
0 466 217392
1 554 0
0 554 217392
1 622 0
0 622 217392
1 466 0
0 466 217392
1 415 0
0 415 217392
1 466 0
0 466 434783
1 415 0
0 415 217392
1 466 0
0 466 217392
1 415 0
0 415 217392
1 369 0
0 369 217392
1 349 0
0 349 217392
1 277 0
0 277 217392
1 311 0
0 311 434783
1 277 0
0 277 217392
1 311 0
0 311 217392
1 349 0
0 349 217392
1 369 0
0 369 217392
1 415 0
0 415 217392
1 466 0
0 466 217392
1 311 0
0 311 434783
1 415 0
0 415 217392
1 466 0
0 466 217392
1 554 0
0 554 217392
1 622 0
0 622 217392
1 466 0
0 466 217392
1 415 0
0 415 217392
1 466 0
0 466 434783
1 415 0
0 415 217392
1 466 0
0 466 217392
1 554 0
0 554 217392
1 622 0
0 622 217392
1 466 0
0 466 217392
1 415 0
0 415 217392
1 466 0
0 466 434783
1 415 0
0 415 217392
1 466 0
0 466 217392
1 415 0
0 415 217392
1 369 0
0 369 217392
1 349 0
0 349 217392
1 277 0
0 277 217392
1 311 0
0 311 434783
1 277 0
0 277 217392
1 311 0
0 311 217392
1 349 0
0 349 217392
1 369 0
0 369 217392
1 415 0
0 415 217392
1 466 0
0 466 217392
1 311 0
0 311 434783
1 415 0
0 415 217392
1 466 0
0 466 217392
1 554 0
0 554 217392
1 622 0
0 622 217392
1 466 0
0 466 217392
1 415 0
0 415 217392
1 466 0
0 466 434783
1 415 0
0 415 217392
1 466 0
0 466 217392
1 554 0
0 554 217392
1 622 0
0 622 217392
1 466 0
0 466 217392
1 415 0
0 415 217392
1 466 0
0 466 434783
1 415 0
0 415 217392
1 466 0
0 466 217392
1 415 0
0 415 217392
1 369 0
0 369 217392
1 349 0
0 349 217392
1 277 0
0 277 217392
1 311 0
0 311 434783
1 277 0
0 277 217392
1 311 0
0 311 217392
1 349 0
0 349 217392
1 369 0
0 369 217392
1 415 0
0 415 217392
1 466 0
0 466 217392
1 311 0
0 311 434783
1 415 0
0 415 217392
1 466 0
0 466 217392
1 554 0
0 554 217392
1 622 0
0 622 217392
1 466 0
0 466 217392
1 415 0
0 415 217392
1 466 0
0 466 434783
1 415 0
0 415 217392
1 466 0
0 466 217392
1 554 0
0 554 217392
1 622 0
0 622 217392
1 466 0
0 466 217392
1 415 0
0 415 217392
1 466 0
0 466 434783
1 622 0
0 622 217392
1 698 0
0 698 217392
1 739 0
0 739 217392
1 698 0
0 698 217392
1 622 0
0 622 217392
1 554 0
0 554 217392
1 466 0
0 466 434783
1 415 0
0 415 217392
1 466 0
0 466 217392
1 415 0
0 415 217392
1 369 0
0 369 217392
1 349 0
0 349 217392
1 277 0
0 277 217392
1 311 0
0 311 217392
1 493 217392
0 493 217392
1 587 0
0 587 217392
1 587 0
0 587 217392
1 659 0
0 659 217392
1 493 0
0 493 217392
1 440 0
0 440 217392
1 493 0
0 493 434783
1 440 0
0 440 217392
1 493 0
0 493 217392
1 587 0
0 587 217392
1 659 0
0 659 217392
1 493 0
0 493 217392
1 440 0
0 440 217392
1 493 0
0 493 434783
1 440 0
0 440 217392
1 493 0
0 493 217392
1 440 0
0 440 217392
1 391 0
0 391 217392
1 369 0
0 369 217392
1 293 0
0 293 217392
1 329 0
0 329 434783
1 293 0
0 293 217392
1 329 0
0 329 217392
1 369 0
0 369 217392
1 391 0
0 391 217392
1 440 0
0 440 217392
1 493 0
0 493 217392
1 329 0
0 329 434783
1 440 0
0 440 217392
1 493 0
0 493 217392
1 587 0
0 587 217392
1 659 0
0 659 217392
1 493 0
0 493 217392
1 440 0
0 440 217392
1 493 0
0 493 434783
1 440 0
0 440 217392
1 493 0
0 493 217392
1 587 0
0 587 217392
1 659 0
0 659 217392
1 493 0
0 493 217392
1 440 0
0 440 217392
1 493 0
0 493 434783
1 440 0
0 440 217392
1 493 0
0 493 217392
1 440 0
0 440 217392
1 391 0
0 391 217392
1 369 0
0 369 217392
1 293 0
0 293 217392
1 329 0
0 329 434783
1 293 0
0 293 217392
1 329 0
0 329 217392
1 369 0
0 369 217392
1 391 0
0 391 217392
1 440 0
0 440 217392
1 493 0
0 493 217392
1 329 0
0 329 434783
1 440 0
0 440 217392
1 493 0
0 493 217392
1 587 0
0 587 217392
1 659 0
0 659 217392
1 493 0
0 493 217392
1 440 0
0 440 217392
1 493 0
0 493 434783
1 440 0
0 440 217392
1 493 0
0 493 217392
1 587 0
0 587 217392
1 659 0
0 659 217392
1 493 0
0 493 217392
1 440 0
0 440 217392
1 493 0
0 493 434783
1 440 0
0 440 217392
1 493 0
0 493 217392
1 440 0
0 440 217392
1 391 0
0 391 217392
1 369 0
0 369 217392
1 293 0
0 293 217392
1 329 0
0 329 434783
1 293 0
0 293 217392
1 329 0
0 329 217392
1 369 0
0 369 217392
1 391 0
0 391 217392
1 440 0
0 440 217392
1 493 0
0 493 217392
1 329 0
0 329 434783
1 440 0
0 440 217392
1 493 0
0 493 217392
1 587 0
0 587 217392
1 659 0
0 659 217392
1 493 0
0 493 217392
1 440 0
0 440 217392
1 493 0
0 493 434783
1 440 0
0 440 217392
1 493 0
0 493 217392
1 587 0
0 587 217392
1 659 0
0 659 217392
1 493 0
0 493 217392
1 440 0
0 440 217392
1 493 0
0 493 434783
1 659 0
0 659 217392
1 739 0
0 739 217392
1 783 0
0 783 217392
1 739 0
0 739 217392
1 659 0
0 659 217392
1 587 0
0 587 217392
1 493 0
0 493 434783
1 440 0
0 440 217392
1 493 0
0 493 217392
1 440 0
0 440 217392
1 391 0
0 391 217392
1 369 0
0 369 217392
1 293 0
0 293 217392
1 329 0
0 329 217392
