1 587 180869728
0 587 217392
1 659 0
0 659 217392
1 493 0
0 493 217392
1 440 0
0 440 217392
1 493 0
0 493 434783
1 440 0
0 440 217392
1 493 0
0 493 217392
1 587 0
0 587 217392
1 659 0
0 659 217392
1 493 0
0 493 217392
1 440 0
0 440 217392
1 493 0
0 493 434783
1 440 0
0 440 217392
1 493 0
0 493 217392
1 440 0
0 440 217392
1 391 0
0 391 217392
1 369 0
0 369 217392
1 293 0
0 293 217392
1 329 0
0 329 434783
1 293 0
0 293 217392
1 329 0
0 329 217392
1 369 0
0 369 217392
1 391 0
0 391 217392
1 440 0
0 440 217392
1 493 0
0 493 217392
1 329 0
0 329 434783
1 440 0
0 440 217392
1 493 0
0 493 217392
1 587 0
0 587 217392
1 659 0
0 659 217392
1 493 0
0 493 217392
1 440 0
0 440 217392
1 493 0
0 493 434783
1 440 0
0 440 217392
1 493 0
0 493 217392
1 587 0
0 587 217392
1 659 0
0 659 217392
1 493 0
0 493 217392
1 440 0
0 440 217392
1 493 0
0 493 434783
1 440 0
0 440 217392
1 493 0
0 493 217392
1 440 0
0 440 217392
1 391 0
0 391 217392
1 369 0
0 369 217392
1 293 0
0 293 217392
1 329 0
0 329 434783
1 293 0
0 293 217392
1 329 0
0 329 217392
1 369 0
0 369 217392
1 391 0
0 391 217392
1 440 0
0 440 217392
1 493 0
0 493 217392
1 329 0
0 329 434783
1 440 0
0 440 217392
1 493 0
0 493 217392
1 587 0
0 587 217392
1 659 0
0 659 217392
1 493 0
0 493 217392
1 440 0
0 440 217392
1 493 0
0 493 434783
1 440 0
0 440 217392
1 493 0
0 493 217392
1 587 0
0 587 217392
1 659 0
0 659 217392
1 493 0
0 493 217392
1 440 0
0 440 217392
1 493 0
0 493 434783
1 440 0
0 440 217392
1 493 0
0 493 217392
1 440 0
0 440 217392
1 391 0
0 391 217392
1 369 0
0 369 217392
1 293 0
0 293 217392
1 329 0
0 329 434783
1 293 0
0 293 217392
1 329 0
0 329 217392
1 369 0
0 369 217392
1 391 0
0 391 217392
1 440 0
0 440 217392
1 493 0
0 493 217392
1 329 0
0 329 434783
1 440 0
0 440 217392
1 493 0
0 493 217392
1 587 0
0 587 217392
1 659 0
0 659 217392
1 493 0
0 493 217392
1 440 0
0 440 217392
1 493 0
0 493 434783
1 440 0
0 440 217392
1 493 0
0 493 217392
1 587 0
0 587 217392
1 659 0
0 659 217392
1 493 0
0 493 217392
1 440 0
0 440 217392
1 493 0
0 493 434783
1 659 0
0 659 217392
1 739 0
0 739 217392
1 783 0
0 783 217392
1 739 0
0 739 217392
1 659 0
0 659 217392
1 587 0
0 587 217392
1 493 0
0 493 434783
1 440 0
0 440 217392
1 493 0
0 493 217392
1 440 0
0 440 217392
1 391 0
0 391 217392
1 369 0
0 369 217392
1 293 0
0 293 217392
1 329 0
0 329 217392
