1 38 13913056
1 77 0
0 77 217392
0 38 0
1 38 0
1 77 0
0 77 108696
0 38 0
1 77 0
1 155 0
0 155 108696
0 77 0
1 77 108696
1 155 0
0 155 108696
0 77 0
1 69 0
1 138 0
0 138 108696
0 69 0
1 77 0
1 155 0
0 155 108696
0 77 0
1 38 0
1 77 0
0 77 217392
0 38 0
1 38 0
1 77 0
0 77 108696
0 38 0
1 77 0
1 155 0
0 155 108696
0 77 0
1 77 108696
1 155 0
0 155 108696
0 77 0
1 69 0
1 138 0
0 138 108696
0 69 0
1 77 0
1 155 0
0 155 108696
0 77 0
1 38 0
1 77 0
0 77 217392
0 38 0
1 38 0
1 77 0
0 77 108696
0 38 0
1 77 0
1 155 0
0 155 108696
0 77 0
1 77 108696
1 155 0
0 155 108696
0 77 0
1 69 0
1 138 0
0 138 108696
0 69 0
1 77 0
1 155 0
0 155 108696
0 77 0
1 38 0
1 77 0
0 77 217392
0 38 0
1 77 0
1 155 0
0 155 108696
0 77 0
1 92 0
1 184 0
0 184 108696
0 92 0
1 51 0
1 103 0
0 103 217392
0 51 0
1 92 0
1 184 0
0 184 108696
0 92 0
1 103 0
1 207 0
0 207 108696
0 103 0
1 38 0
1 77 0
0 38 217392
0 77 0
1 38 0
1 77 0
0 38 108696
0 77 0
1 77 0
1 155 0
0 77 108696
0 155 0
1 77 108696
1 155 0
0 77 108696
0 155 0
1 69 0
1 138 0
0 69 108696
0 138 0
1 77 0
1 155 0
0 77 108696
0 155 0
1 38 0
1 77 0
0 38 217392
0 77 0
1 38 0
1 77 0
0 38 108696
0 77 0
1 77 0
1 155 0
0 77 108696
0 155 0
1 77 108696
1 155 0
0 77 108696
0 155 0
1 69 0
1 138 0
0 69 108696
0 138 0
1 77 0
1 155 0
0 77 108696
0 155 0
1 38 0
1 77 0
0 38 217392
0 77 0
1 38 0
1 77 0
0 38 108696
0 77 0
1 77 0
1 155 0
0 77 108696
0 155 0
1 77 108696
1 155 0
0 77 108696
0 155 0
1 69 0
1 138 0
0 69 108696
0 138 0
1 77 0
1 155 0
0 77 108696
0 155 0
1 51 0
1 103 0
0 103 217392
0 51 0
1 92 0
1 184 0
0 184 108696
0 92 0
1 103 0
1 207 0
0 207 108696
0 103 0
1 46 0
1 92 0
0 92 217392
0 46 0
1 77 0
1 155 0
0 155 108696
0 77 0
1 92 0
1 184 0
0 184 108696
0 92 0
1 38 0
1 77 0
0 77 217392
0 38 0
1 38 0
1 77 0
0 77 108696
0 38 0
1 77 0
1 155 0
0 155 108696
0 77 0
1 77 108696
1 155 0
0 155 108696
0 77 0
1 69 0
1 138 0
0 138 108696
0 69 0
1 77 0
1 155 0
0 155 108696
0 77 0
1 38 0
1 77 0
0 77 217392
0 38 0
1 38 0
1 77 0
0 77 108696
0 38 0
1 77 0
1 155 0
0 155 108696
0 77 0
1 77 108696
1 155 0
0 155 108696
0 77 0
1 69 0
1 138 0
0 138 108696
0 69 0
1 77 0
1 155 0
0 155 108696
0 77 0
1 38 0
1 77 0
0 77 217392
0 38 0
1 38 0
1 77 0
0 77 108696
0 38 0
1 77 0
1 155 0
0 155 108696
0 77 0
1 77 108696
1 155 0
0 155 108696
0 77 0
1 69 0
1 138 0
0 138 108696
0 69 0
1 77 0
1 155 0
0 155 108696
0 77 0
1 38 0
1 77 0
0 77 217392
0 38 0
1 77 0
1 155 0
0 155 108696
0 77 0
1 92 0
1 184 0
0 184 108696
0 92 0
1 51 0
1 103 0
0 103 217392
0 51 0
1 92 0
1 184 0
0 184 108696
0 92 0
1 103 0
1 207 0
0 207 108696
0 103 0
1 38 0
1 77 0
0 77 217392
0 38 0
1 38 0
1 77 0
0 77 108696
0 38 0
1 77 0
1 155 0
0 155 108696
0 77 0
1 77 108696
1 155 0
0 155 108696
0 77 0
1 69 0
1 138 0
0 138 108696
0 69 0
1 77 0
1 155 0
0 155 108696
0 77 0
1 38 0
1 77 0
0 77 217392
0 38 0
1 38 0
1 77 0
0 77 108696
0 38 0
1 77 0
1 155 0
0 155 108696
0 77 0
1 77 108696
1 155 0
0 155 108696
0 77 0
1 69 0
1 138 0
0 138 108696
0 69 0
1 77 0
1 155 0
0 155 108696
0 77 0
1 38 0
1 77 0
0 77 217392
0 38 0
1 38 0
1 77 0
0 77 108696
0 38 0
1 77 0
1 155 0
0 155 108696
0 77 0
1 77 108696
1 155 0
0 155 108696
0 77 0
1 69 0
1 138 0
0 138 108696
0 69 0
1 77 0
1 155 0
0 155 108696
0 77 0
1 51 0
1 103 0
0 103 217392
0 51 0
1 92 0
1 184 0
0 184 108696
0 92 0
1 103 0
1 207 0
0 207 108696
0 103 0
1 46 0
1 92 0
0 92 217392
0 46 0
1 77 0
1 155 0
0 155 108696
0 77 0
1 92 0
1 184 0
0 184 108696
0 92 0
1 38 0
1 77 0
0 38 217392
0 77 0
1 38 0
1 77 0
0 38 108696
0 77 0
1 77 0
1 155 0
0 77 108696
0 155 0
1 77 108696
1 155 0
0 77 108696
0 155 0
1 69 0
1 138 0
0 69 108696
0 138 0
1 77 0
1 155 0
0 77 108696
0 155 0
1 38 0
1 77 0
0 38 217392
0 77 0
1 38 0
1 77 0
0 38 108696
0 77 0
1 77 0
1 155 0
0 77 108696
0 155 0
1 77 108696
1 155 0
0 77 108696
0 155 0
1 69 0
1 138 0
0 69 108696
0 138 0
1 77 0
1 155 0
0 77 108696
0 155 0
1 38 0
1 77 0
0 38 217392
0 77 0
1 38 0
1 77 0
0 38 108696
0 77 0
1 77 0
1 155 0
0 77 108696
0 155 0
1 77 108696
1 155 0
0 77 108696
0 155 0
1 69 0
1 138 0
0 69 108696
0 138 0
1 77 0
1 155 0
0 77 108696
0 155 0
1 38 0
1 77 0
0 38 217392
0 77 0
1 77 0
1 155 0
0 77 108696
0 155 0
1 92 0
1 184 0
0 92 108696
0 184 0
1 51 0
1 103 0
0 51 217392
0 103 0
1 92 0
1 184 0
0 92 108696
0 184 0
1 103 0
1 207 0
0 103 108696
0 207 0
1 30 0
1 61 0
0 61 217392
0 30 0
1 30 0
1 61 0
0 61 108696
0 30 0
1 61 0
1 123 0
0 123 108696
0 61 0
1 61 108696
1 123 0
0 123 108696
0 61 0
1 58 0
1 116 0
0 116 108696
0 58 0
1 61 0
1 123 0
0 123 108696
0 61 0
1 30 0
1 61 0
0 61 217392
0 30 0
1 30 0
1 61 0
0 61 108696
0 30 0
1 61 0
1 123 0
0 123 108696
0 61 0
1 61 108696
1 123 0
0 123 108696
0 61 0
1 58 0
1 116 0
0 116 108696
0 58 0
1 61 0
1 123 0
0 123 108696
0 61 0
1 34 0
1 69 0
0 69 217392
0 34 0
1 34 0
1 69 0
0 69 108696
0 34 0
1 69 0
1 138 0
0 138 108696
0 69 0
1 69 108696
1 138 0
0 138 108696
0 69 0
1 61 0
1 123 0
0 123 108696
0 61 0
1 69 0
1 138 0
0 138 108696
0 69 0
1 36 0
1 73 0
0 73 217392
0 36 0
1 36 0
1 73 0
0 73 108696
0 36 0
1 73 0
1 146 0
0 146 108696
0 73 0
1 73 108696
1 146 0
0 146 108696
0 73 0
1 58 0
1 116 0
0 116 108696
0 58 0
1 73 0
1 146 0
0 146 108696
0 73 0
1 38 0
1 77 0
0 38 217392
0 77 0
1 38 0
1 77 0
0 38 108696
0 77 0
1 77 0
1 155 0
0 77 108696
0 155 0
1 77 108696
1 155 0
0 77 108696
0 155 0
1 69 0
1 138 0
0 69 108696
0 138 0
1 77 0
1 155 0
0 77 108696
0 155 0
1 38 0
1 77 0
0 38 217392
0 77 0
1 38 0
1 77 0
0 38 108696
0 77 0
1 77 0
1 155 0
0 77 108696
0 155 0
1 77 108696
1 155 0
0 77 108696
0 155 0
1 69 0
1 138 0
0 69 108696
0 138 0
1 77 0
1 155 0
0 77 108696
0 155 0
1 38 0
1 77 0
0 38 217392
0 77 0
1 38 0
1 77 0
0 38 108696
0 77 0
1 77 0
1 155 0
0 77 108696
0 155 0
1 77 108696
1 155 0
0 77 108696
0 155 0
1 69 0
1 138 0
0 69 108696
0 138 0
1 77 0
1 155 0
0 77 108696
0 155 0
1 38 0
1 77 0
0 38 217392
0 77 0
1 77 0
1 155 0
0 77 108696
0 155 0
1 92 0
1 184 0
0 92 108696
0 184 0
1 51 0
1 103 0
0 51 217392
0 103 0
1 92 0
1 184 0
0 92 108696
0 184 0
1 103 0
1 207 0
0 103 108696
0 207 0
1 30 0
1 61 0
0 30 217392
0 61 0
1 30 0
1 61 0
0 30 108696
0 61 0
1 61 0
1 123 0
0 61 108696
0 123 0
1 61 108696
1 123 0
0 61 108696
0 123 0
1 58 0
1 116 0
0 58 108696
0 116 0
1 61 0
1 123 0
0 61 108696
0 123 0
1 30 0
1 61 0
0 30 217392
0 61 0
1 30 0
1 61 0
0 30 108696
0 61 0
1 61 0
1 123 0
0 61 108696
0 123 0
1 61 108696
1 123 0
0 61 108696
0 123 0
1 58 0
1 116 0
0 58 108696
0 116 0
1 61 0
1 123 0
0 61 108696
0 123 0
1 34 0
1 69 0
0 34 217392
0 69 0
1 34 0
1 69 0
0 34 108696
0 69 0
1 69 0
1 138 0
0 69 108696
0 138 0
1 69 108696
1 138 0
0 69 108696
0 138 0
1 61 0
1 123 0
0 61 108696
0 123 0
1 69 0
1 138 0
0 69 108696
0 138 0
1 36 0
1 73 0
0 36 217392
0 73 0
1 36 0
1 73 0
0 36 108696
0 73 0
1 73 0
1 146 0
0 73 108696
0 146 0
1 73 108696
1 146 0
0 73 108696
0 146 0
1 58 0
1 116 0
0 58 108696
0 116 0
1 73 0
1 146 0
0 73 108696
0 146 0
1 38 0
1 77 0
0 77 217392
0 38 0
1 38 0
1 77 0
0 77 108696
0 38 0
1 77 0
1 155 0
0 155 108696
0 77 0
1 77 108696
1 155 0
0 155 108696
0 77 0
1 69 0
1 138 0
0 138 108696
0 69 0
1 77 0
1 155 0
0 155 108696
0 77 0
1 38 0
1 77 0
0 77 217392
0 38 0
1 38 0
1 77 0
0 77 108696
0 38 0
1 77 0
1 155 0
0 155 108696
0 77 0
1 77 108696
1 155 0
0 155 108696
0 77 0
1 69 0
1 138 0
0 138 108696
0 69 0
1 77 0
1 155 0
0 155 108696
0 77 0
1 38 0
1 77 0
0 77 217392
0 38 0
1 38 0
1 77 0
0 77 108696
0 38 0
1 77 0
1 155 0
0 155 108696
0 77 0
1 77 108696
1 155 0
0 155 108696
0 77 0
1 69 0
1 138 0
0 138 108696
0 69 0
1 77 0
1 155 0
0 155 108696
0 77 0
1 38 0
1 77 0
0 77 217392
0 38 0
1 77 0
1 155 0
0 155 108696
0 77 0
1 92 0
1 184 0
0 184 108696
0 92 0
1 51 0
1 103 0
0 103 217392
0 51 0
1 92 0
1 184 0
0 184 108696
0 92 0
1 103 0
1 207 0
0 207 108696
0 103 0
1 30 0
1 61 0
0 61 217392
0 30 0
1 30 0
1 61 0
0 61 108696
0 30 0
1 61 0
1 123 0
0 123 108696
0 61 0
1 61 108696
1 123 0
0 123 108696
0 61 0
1 58 0
1 116 0
0 116 108696
0 58 0
1 61 0
1 123 0
0 123 108696
0 61 0
1 30 0
1 61 0
0 61 217392
0 30 0
1 30 0
1 61 0
0 61 108696
0 30 0
1 61 0
1 123 0
0 123 108696
0 61 0
1 61 108696
1 123 0
0 123 108696
0 61 0
1 58 0
1 116 0
0 116 108696
0 58 0
1 61 0
1 123 0
0 123 108696
0 61 0
1 34 0
1 69 0
0 69 217392
0 34 0
1 34 0
1 69 0
0 69 108696
0 34 0
1 69 0
1 138 0
0 138 108696
0 69 0
1 69 108696
1 138 0
0 138 108696
0 69 0
1 61 0
1 123 0
0 123 108696
0 61 0
1 69 0
1 138 0
0 138 108696
0 69 0
1 36 0
1 73 0
0 73 217392
0 36 0
1 36 0
1 73 0
0 73 108696
0 36 0
1 73 0
1 146 0
0 146 108696
0 73 0
1 73 108696
1 146 0
0 146 108696
0 73 0
1 58 0
1 116 0
0 116 108696
0 58 0
1 73 0
1 146 0
0 146 108696
0 73 0
1 38 0
1 77 0
0 38 217392
0 77 0
1 38 0
1 77 0
0 38 108696
0 77 0
1 77 0
1 155 0
0 77 108696
0 155 0
1 77 108696
1 155 0
0 77 108696
0 155 0
1 69 0
1 138 0
0 69 108696
0 138 0
1 77 0
1 155 0
0 77 108696
0 155 0
1 38 0
1 77 0
0 38 217392
0 77 0
1 38 0
1 77 0
0 38 108696
0 77 0
1 77 0
1 155 0
0 77 108696
0 155 0
1 77 108696
1 155 0
0 77 108696
0 155 0
1 69 0
1 138 0
0 69 108696
0 138 0
1 77 0
1 155 0
0 77 108696
0 155 0
1 38 0
1 77 0
0 38 217392
0 77 0
1 38 0
1 77 0
0 38 108696
0 77 0
1 77 0
1 155 0
0 77 108696
0 155 0
1 77 108696
1 155 0
0 77 108696
0 155 0
1 69 0
1 138 0
0 69 108696
0 138 0
1 77 0
1 155 0
0 77 108696
0 155 0
1 38 0
1 77 0
0 38 217392
0 77 0
1 77 0
1 155 0
0 77 108696
0 155 0
1 92 0
1 184 0
0 92 108696
0 184 0
1 51 0
1 103 0
0 51 217392
0 103 0
1 92 0
1 184 0
0 92 108696
0 184 0
1 103 0
1 207 0
0 103 108696
0 207 0
1 30 0
1 61 0
0 30 217392
0 61 0
1 30 0
1 61 0
0 30 108696
0 61 0
1 61 0
1 123 0
0 61 108696
0 123 0
1 61 108696
1 123 0
0 61 108696
0 123 0
1 58 0
1 116 0
0 58 108696
0 116 0
1 61 0
1 123 0
0 61 108696
0 123 0
1 30 0
1 61 0
0 30 217392
0 61 0
1 30 0
1 61 0
0 30 108696
0 61 0
1 61 0
1 123 0
0 61 108696
0 123 0
1 61 108696
1 123 0
0 61 108696
0 123 0
1 58 0
1 116 0
0 58 108696
0 116 0
1 61 0
1 123 0
0 61 108696
0 123 0
1 34 0
1 69 0
0 34 217392
0 69 0
1 34 0
1 69 0
0 34 108696
0 69 0
1 69 0
1 138 0
0 69 108696
0 138 0
1 69 108696
1 138 0
0 69 108696
0 138 0
1 61 0
1 123 0
0 61 108696
0 123 0
1 69 0
1 138 0
0 69 108696
0 138 0
1 36 0
1 73 0
0 36 217392
0 73 0
1 36 0
1 73 0
0 36 108696
0 73 0
1 73 0
1 146 0
0 73 108696
0 146 0
1 73 108696
1 146 0
0 73 108696
0 146 0
1 58 0
1 116 0
0 58 108696
0 116 0
1 73 0
1 146 0
0 73 108696
0 146 0
1 30 0
1 61 0
0 61 217392
0 30 0
1 30 0
1 61 0
0 61 108696
0 30 0
1 61 0
1 123 0
0 123 108696
0 61 0
1 61 108696
1 123 0
0 123 108696
0 61 0
1 58 0
1 116 0
0 116 108696
0 58 0
1 61 0
1 123 0
0 123 108696
0 61 0
1 30 0
1 61 0
0 61 217392
0 30 0
1 30 0
1 61 0
0 61 108696
0 30 0
1 61 0
1 123 0
0 123 108696
0 61 0
1 61 108696
1 123 0
0 123 108696
0 61 0
1 58 0
1 116 0
0 116 108696
0 58 0
1 61 0
1 123 0
0 123 108696
0 61 0
1 34 0
1 69 0
0 69 217392
0 34 0
1 34 0
1 69 0
0 69 108696
0 34 0
1 69 0
1 138 0
0 138 108696
0 69 0
1 69 108696
1 138 0
0 138 108696
0 69 0
1 61 0
1 123 0
0 123 108696
0 61 0
1 69 0
1 138 0
0 138 108696
0 69 0
1 34 0
1 69 0
0 69 217392
0 34 0
1 34 0
1 69 0
0 69 108696
0 34 0
1 69 0
1 138 0
0 138 108696
0 69 0
1 69 108696
1 138 0
0 138 108696
0 69 0
1 61 0
1 123 0
0 123 108696
0 61 0
1 69 0
1 138 0
0 138 108696
0 69 0
1 38 0
1 77 0
0 38 217392
0 77 0
1 38 0
1 77 0
0 38 108696
0 77 0
1 77 0
1 155 0
0 77 108696
0 155 0
1 77 108696
1 155 0
0 77 108696
0 155 0
1 69 0
1 138 0
0 69 108696
0 138 0
1 77 0
1 155 0
0 77 108696
0 155 0
1 38 0
1 77 0
0 38 217392
0 77 0
1 38 0
1 77 0
0 38 108696
0 77 0
1 77 0
1 155 0
0 77 108696
0 155 0
1 77 108696
1 155 0
0 77 108696
0 155 0
1 69 0
1 138 0
0 69 108696
0 138 0
1 77 0
1 155 0
0 77 108696
0 155 0
1 38 0
1 77 0
0 38 217392
0 77 0
1 38 0
1 77 0
0 38 108696
0 77 0
1 77 0
1 155 0
0 77 108696
0 155 0
1 77 108696
1 155 0
0 77 108696
0 155 0
1 69 0
1 138 0
0 69 108696
0 138 0
1 77 0
1 155 0
0 77 108696
0 155 0
1 51 0
1 103 0
0 51 217392
0 103 0
1 92 0
1 184 0
0 92 108696
0 184 0
1 103 0
1 207 0
0 103 108696
0 207 0
1 46 0
1 92 0
0 46 217392
0 92 0
1 77 0
1 155 0
0 77 108696
0 155 0
1 92 0
1 184 0
0 92 108696
0 184 0
1 30 0
1 61 0
0 61 217392
0 30 0
1 30 0
1 61 0
0 61 108696
0 30 0
1 61 0
1 123 0
0 123 108696
0 61 0
1 61 108696
1 123 0
0 123 108696
0 61 0
1 58 0
1 116 0
0 116 108696
0 58 0
1 61 0
1 123 0
0 123 108696
0 61 0
1 30 0
1 61 0
0 61 217392
0 30 0
1 30 0
1 61 0
0 61 108696
0 30 0
1 61 0
1 123 0
0 123 108696
0 61 0
1 61 108696
1 123 0
0 123 108696
0 61 0
1 58 0
1 116 0
0 116 108696
0 58 0
1 61 0
1 123 0
0 123 108696
0 61 0
1 34 0
1 69 0
0 69 217392
0 34 0
1 34 0
1 69 0
0 69 108696
0 34 0
1 69 0
1 138 0
0 138 108696
0 69 0
1 69 108696
1 138 0
0 138 108696
0 69 0
1 61 0
1 123 0
0 123 108696
0 61 0
1 69 0
1 138 0
0 138 108696
0 69 0
1 34 0
1 69 0
0 69 217392
0 34 0
1 34 0
1 69 0
0 69 108696
0 34 0
1 69 0
1 138 0
0 138 108696
0 69 0
1 69 108696
1 138 0
0 138 108696
0 69 0
1 61 0
1 123 0
0 123 108696
0 61 0
1 69 0
1 138 0
0 138 108696
0 69 0
1 38 0
1 77 0
0 77 217392
0 38 0
1 38 0
1 77 0
0 77 108696
0 38 0
1 77 0
1 155 0
0 155 108696
0 77 0
1 77 108696
1 155 0
0 155 108696
0 77 0
1 69 0
1 138 0
0 138 108696
0 69 0
1 77 0
1 155 0
0 155 108696
0 77 0
1 38 0
1 77 0
0 77 217392
0 38 0
1 38 0
1 77 0
0 77 108696
0 38 0
1 77 0
1 155 0
0 155 108696
0 77 0
1 77 108696
1 155 0
0 155 108696
0 77 0
1 69 0
1 138 0
0 138 108696
0 69 0
1 77 0
1 155 0
0 155 108696
0 77 0
1 38 0
1 77 0
0 77 217392
0 38 0
1 38 0
1 77 0
0 77 108696
0 38 0
1 77 0
1 155 0
0 155 108696
0 77 0
1 77 108696
1 155 0
0 155 108696
0 77 0
1 69 0
1 138 0
0 138 108696
0 69 0
1 77 0
1 155 0
0 155 108696
0 77 0
1 51 0
1 103 0
0 103 217392
0 51 0
1 92 0
1 184 0
0 184 108696
0 92 0
1 103 0
1 207 0
0 207 108696
0 103 0
1 46 0
1 92 0
0 92 217392
0 46 0
1 77 0
1 155 0
0 155 108696
0 77 0
1 92 0
1 184 0
0 184 108696
0 92 0
1 30 0
1 61 0
0 30 217392
0 61 0
1 30 0
1 61 0
0 30 108696
0 61 0
1 61 0
1 123 0
0 61 108696
0 123 0
1 61 108696
1 123 0
0 61 108696
0 123 0
1 58 0
1 116 0
0 58 108696
0 116 0
1 61 0
1 123 0
0 61 108696
0 123 0
1 30 0
1 61 0
0 30 217392
0 61 0
1 30 0
1 61 0
0 30 108696
0 61 0
1 61 0
1 123 0
0 61 108696
0 123 0
1 61 108696
1 123 0
0 61 108696
0 123 0
1 58 0
1 116 0
0 58 108696
0 116 0
1 61 0
1 123 0
0 61 108696
0 123 0
1 34 0
1 69 0
0 34 217392
0 69 0
1 34 0
1 69 0
0 34 108696
0 69 0
1 69 0
1 138 0
0 69 108696
0 138 0
1 69 108696
1 138 0
0 69 108696
0 138 0
1 61 0
1 123 0
0 61 108696
0 123 0
1 69 0
1 138 0
0 69 108696
0 138 0
1 34 0
1 69 0
0 34 217392
0 69 0
1 34 0
1 69 0
0 34 108696
0 69 0
1 69 0
1 138 0
0 69 108696
0 138 0
1 69 108696
1 138 0
0 69 108696
0 138 0
1 61 0
1 123 0
0 61 108696
0 123 0
1 69 0
1 138 0
0 69 108696
0 138 0
1 38 0
1 77 0
0 38 217392
0 77 0
1 38 0
1 77 0
0 38 108696
0 77 0
1 77 0
1 155 0
0 77 108696
0 155 0
1 77 108696
1 155 0
0 77 108696
0 155 0
1 69 0
1 138 0
0 69 108696
0 138 0
1 77 0
1 155 0
0 77 108696
0 155 0
1 38 0
1 77 0
0 38 217392
0 77 0
1 38 0
1 77 0
0 38 108696
0 77 0
1 77 0
1 155 0
0 77 108696
0 155 0
1 77 108696
1 155 0
0 77 108696
0 155 0
1 69 0
1 138 0
0 69 108696
0 138 0
1 77 0
1 155 0
0 77 108696
0 155 0
1 38 0
1 77 0
0 38 217392
0 77 0
1 38 0
1 77 0
0 38 108696
0 77 0
1 77 0
1 155 0
0 77 108696
0 155 0
1 77 108696
1 155 0
0 77 108696
0 155 0
1 69 0
1 138 0
0 69 108696
0 138 0
1 77 0
1 155 0
0 77 108696
0 155 0
1 51 0
1 103 0
0 51 217392
0 103 0
1 92 0
1 184 0
0 92 108696
0 184 0
1 103 0
1 207 0
0 103 108696
0 207 0
1 46 0
1 92 0
0 46 217392
0 92 0
1 77 0
1 155 0
0 77 108696
0 155 0
1 92 0
1 184 0
0 92 108696
0 184 0
1 30 0
1 61 0
0 61 217392
0 30 0
1 30 0
1 61 0
0 61 108696
0 30 0
1 61 0
1 123 0
0 123 108696
0 61 0
1 61 108696
1 123 0
0 123 108696
0 61 0
1 58 0
1 116 0
0 116 108696
0 58 0
1 61 0
1 123 0
0 123 108696
0 61 0
1 30 0
1 61 0
0 61 217392
0 30 0
1 30 0
1 61 0
0 61 108696
0 30 0
1 61 0
1 123 0
0 123 108696
0 61 0
1 61 108696
1 123 0
0 123 108696
0 61 0
1 58 0
1 116 0
0 116 108696
0 58 0
1 61 0
1 123 0
0 123 108696
0 61 0
1 34 0
1 69 0
0 69 217392
0 34 0
1 34 0
1 69 0
0 69 108696
0 34 0
1 69 0
1 138 0
0 138 108696
0 69 0
1 69 108696
1 138 0
0 138 108696
0 69 0
1 61 0
1 123 0
0 123 108696
0 61 0
1 69 0
1 138 0
0 138 108696
0 69 0
1 34 0
1 69 0
0 69 217392
0 34 0
1 34 0
1 69 0
0 69 108696
0 34 0
1 69 0
1 138 0
0 138 108696
0 69 0
1 69 108696
1 138 0
0 138 108696
0 69 0
1 61 0
1 123 0
0 123 108696
0 61 0
1 69 0
1 138 0
0 138 108696
0 69 0
1 38 0
1 77 0
0 77 217392
0 38 0
1 38 0
1 77 0
0 77 108696
0 38 0
1 77 0
1 155 0
0 155 108696
0 77 0
1 77 108696
1 155 0
0 155 108696
0 77 0
1 69 0
1 138 0
0 138 108696
0 69 0
1 77 0
1 155 0
0 155 108696
0 77 0
1 38 0
1 77 0
0 77 217392
0 38 0
1 38 0
1 77 0
0 77 108696
0 38 0
1 77 0
1 155 0
0 155 108696
0 77 0
1 77 108696
1 155 0
0 155 108696
0 77 0
1 69 0
1 138 0
0 138 108696
0 69 0
1 77 0
1 155 0
0 155 108696
0 77 0
1 38 0
1 77 0
0 77 217392
0 38 0
1 38 0
1 77 0
0 77 108696
0 38 0
1 77 0
1 155 0
0 155 108696
0 77 0
1 77 108696
1 155 0
0 155 108696
0 77 0
1 69 0
1 138 0
0 138 108696
0 69 0
1 77 0
1 155 0
0 155 108696
0 77 0
1 51 0
1 103 0
0 103 217392
0 51 0
1 92 0
1 184 0
0 184 108696
0 92 0
1 103 0
1 207 0
0 207 108696
0 103 0
1 46 0
1 92 0
0 92 217392
0 46 0
1 77 0
1 155 0
0 155 108696
0 77 0
1 92 0
1 184 0
0 184 108696
0 92 0
1 30 0
1 61 0
1 92 0
0 61 1739132
0 92 0
0 30 0
1 34 0
1 69 0
1 103 0
0 69 1739132
0 103 0
0 34 0
1 38 0
1 77 0
1 116 0
0 77 3478264
0 116 0
0 38 0
1 30 0
1 61 0
1 92 0
0 61 1739132
0 92 0
0 30 0
1 34 0
1 69 0
1 103 0
0 69 1739132
0 103 0
0 34 0
1 38 0
1 77 0
1 116 0
0 77 3478264
0 116 0
0 38 0
1 92 0
1 30 0
1 61 0
0 30 1739132
0 61 0
0 92 0
1 103 0
1 34 0
1 69 0
0 34 1739132
0 69 0
0 103 0
1 116 0
1 38 0
1 77 0
0 38 3478264
0 77 0
0 116 0
1 61 0
1 92 0
1 30 0
0 92 1739132
0 30 0
0 61 0
1 69 0
1 103 0
1 34 0
0 103 1739132
0 34 0
0 69 0
1 77 0
1 116 0
1 38 0
0 77 1739132
0 38 0
0 116 0
1 103 869566
1 51 0
1 207 0
0 51 434783
0 103 0
0 207 0
1 92 0
1 184 0
1 46 0
0 46 434783
0 92 0
0 184 0
1 38 0
1 77 0
0 77 217392
0 38 0
1 38 0
1 77 0
0 77 108696
0 38 0
1 77 0
1 155 0
0 155 108696
0 77 0
1 77 108696
1 155 0
0 155 108696
0 77 0
1 69 0
1 138 0
0 138 108696
0 69 0
1 77 0
1 155 0
0 155 108696
0 77 0
1 38 0
1 77 0
0 77 217392
0 38 0
1 38 0
1 77 0
0 77 108696
0 38 0
1 77 0
1 155 0
0 155 108696
0 77 0
1 77 108696
1 155 0
0 155 108696
0 77 0
1 69 0
1 138 0
0 138 108696
0 69 0
1 77 0
1 155 0
0 155 108696
0 77 0
1 38 0
1 77 0
0 77 217392
0 38 0
1 38 0
1 77 0
0 77 108696
0 38 0
1 77 0
1 155 0
0 155 108696
0 77 0
1 77 108696
1 155 0
0 155 108696
0 77 0
1 69 0
1 138 0
0 138 108696
0 69 0
1 77 0
1 155 0
0 155 108696
0 77 0
1 38 0
1 77 0
0 77 217392
0 38 0
1 77 0
1 155 0
0 155 108696
0 77 0
1 92 0
1 184 0
0 184 108696
0 92 0
1 51 0
1 103 0
0 103 217392
0 51 0
1 92 0
1 184 0
0 184 108696
0 92 0
1 103 0
1 207 0
0 207 108696
0 103 0
1 38 0
1 77 0
0 77 217392
0 38 0
1 38 0
1 77 0
0 77 108696
0 38 0
1 77 0
1 155 0
0 155 108696
0 77 0
1 77 108696
1 155 0
0 155 108696
0 77 0
1 69 0
1 138 0
0 138 108696
0 69 0
1 77 0
1 155 0
0 155 108696
0 77 0
1 38 0
1 77 0
0 77 217392
0 38 0
1 38 0
1 77 0
0 77 108696
0 38 0
1 77 0
1 155 0
0 155 108696
0 77 0
1 77 108696
1 155 0
0 155 108696
0 77 0
1 69 0
1 138 0
0 138 108696
0 69 0
1 77 0
1 155 0
0 155 108696
0 77 0
1 38 0
1 77 0
0 77 217392
0 38 0
1 38 0
1 77 0
0 77 108696
0 38 0
1 77 0
1 155 0
0 155 108696
0 77 0
1 77 108696
1 155 0
0 155 108696
0 77 0
1 69 0
1 138 0
0 138 108696
0 69 0
1 77 0
1 155 0
0 155 108696
0 77 0
1 51 0
1 103 0
0 103 217392
0 51 0
1 92 0
1 184 0
0 184 108696
0 92 0
1 103 0
1 207 0
0 207 108696
0 103 0
1 46 0
1 92 0
0 92 217392
0 46 0
1 77 0
1 155 0
0 155 108696
0 77 0
1 92 0
1 184 0
0 184 108696
0 92 0
1 38 0
1 77 0
0 77 217392
0 38 0
1 38 0
1 77 0
0 77 108696
0 38 0
1 77 0
1 155 0
0 155 108696
0 77 0
1 77 108696
1 155 0
0 155 108696
0 77 0
1 69 0
1 138 0
0 138 108696
0 69 0
1 77 0
1 155 0
0 155 108696
0 77 0
1 38 0
1 77 0
0 77 217392
0 38 0
1 38 0
1 77 0
0 77 108696
0 38 0
1 77 0
1 155 0
0 155 108696
0 77 0
1 77 108696
1 155 0
0 155 108696
0 77 0
1 69 0
1 138 0
0 138 108696
0 69 0
1 77 0
1 155 0
0 155 108696
0 77 0
1 38 0
1 77 0
0 77 217392
0 38 0
1 38 0
1 77 0
0 77 108696
0 38 0
1 77 0
1 155 0
0 155 108696
0 77 0
1 77 108696
1 155 0
0 155 108696
0 77 0
1 69 0
1 138 0
0 138 108696
0 69 0
1 77 0
1 155 0
0 155 108696
0 77 0
1 38 0
1 77 0
0 77 217392
0 38 0
1 77 0
1 155 0
0 155 108696
0 77 0
1 92 0
1 184 0
0 184 108696
0 92 0
1 51 0
1 103 0
0 103 217392
0 51 0
1 92 0
1 184 0
0 184 108696
0 92 0
1 103 0
1 207 0
0 207 108696
0 103 0
1 38 0
1 77 0
0 77 217392
0 38 0
1 38 0
1 77 0
0 77 108696
0 38 0
1 77 0
1 155 0
0 155 108696
0 77 0
1 77 108696
1 155 0
0 155 108696
0 77 0
1 69 0
1 138 0
0 138 108696
0 69 0
1 77 0
1 155 0
0 155 108696
0 77 0
1 38 0
1 77 0
0 77 217392
0 38 0
1 38 0
1 77 0
0 77 108696
0 38 0
1 77 0
1 155 0
0 155 108696
0 77 0
1 77 108696
1 155 0
0 155 108696
0 77 0
1 69 0
1 138 0
0 138 108696
0 69 0
1 77 0
1 155 0
0 155 108696
0 77 0
1 38 0
1 77 0
0 77 217392
0 38 0
1 38 0
1 77 0
0 77 108696
0 38 0
1 77 0
1 155 0
0 155 108696
0 77 0
1 77 108696
1 155 0
0 155 108696
0 77 0
1 69 0
1 138 0
0 138 108696
0 69 0
1 77 0
1 155 0
0 155 108696
0 77 0
1 51 0
1 103 0
0 51 144928
0 103 0
1 92 0
1 184 0
0 92 144928
0 184 0
1 103 0
1 207 0
0 103 144928
0 207 0
1 46 0
1 92 0
0 92 144928
0 46 0
1 77 0
1 155 0
0 155 144928
0 77 0
1 92 0
1 184 0
0 184 144928
0 92 0
1 38 0
1 77 0
0 38 217392
0 77 0
1 38 0
1 77 0
0 38 108696
0 77 0
1 77 0
1 155 0
0 77 108696
0 155 0
1 77 108696
1 155 0
0 77 108696
0 155 0
1 69 0
1 138 0
0 69 108696
0 138 0
1 77 0
1 155 0
0 77 108696
0 155 0
1 38 0
1 77 0
0 38 217392
0 77 0
1 38 0
1 77 0
0 38 108696
0 77 0
1 77 0
1 155 0
0 77 108696
0 155 0
1 77 108696
1 155 0
0 77 108696
0 155 0
1 69 0
1 138 0
0 69 108696
0 138 0
1 77 0
1 155 0
0 77 108696
0 155 0
1 38 0
1 77 0
0 38 217392
0 77 0
1 38 0
1 77 0
0 38 108696
0 77 0
1 77 0
1 155 0
0 77 108696
0 155 0
1 77 108696
1 155 0
0 77 108696
0 155 0
1 69 0
1 138 0
0 69 108696
0 138 0
1 77 0
1 155 0
0 77 108696
0 155 0
1 38 0
1 77 0
0 38 217392
0 77 0
1 77 0
1 155 0
0 77 108696
0 155 0
1 92 0
1 184 0
0 92 108696
0 184 0
1 51 0
1 103 0
0 51 217392
0 103 0
1 92 0
1 184 0
0 92 108696
0 184 0
1 103 0
1 207 0
0 103 108696
0 207 0
1 30 0
1 61 0
0 30 217392
0 61 0
1 30 0
1 61 0
0 30 108696
0 61 0
1 61 0
1 123 0
0 61 108696
0 123 0
1 61 108696
1 123 0
0 61 108696
0 123 0
1 58 0
1 116 0
0 58 108696
0 116 0
1 61 0
1 123 0
0 61 108696
0 123 0
1 30 0
1 61 0
0 30 217392
0 61 0
1 30 0
1 61 0
0 30 108696
0 61 0
1 61 0
1 123 0
0 61 108696
0 123 0
1 61 108696
1 123 0
0 61 108696
0 123 0
1 58 0
1 116 0
0 58 108696
0 116 0
1 61 0
1 123 0
0 61 108696
0 123 0
1 34 0
1 69 0
0 34 217392
0 69 0
1 34 0
1 69 0
0 34 108696
0 69 0
1 69 0
1 138 0
0 69 108696
0 138 0
1 69 108696
1 138 0
0 69 108696
0 138 0
1 61 0
1 123 0
0 61 108696
0 123 0
1 69 0
1 138 0
0 69 108696
0 138 0
1 36 0
1 73 0
0 36 217392
0 73 0
1 36 0
1 73 0
0 36 108696
0 73 0
1 73 0
1 146 0
0 73 108696
0 146 0
1 73 108696
1 146 0
0 73 108696
0 146 0
1 58 0
1 116 0
0 58 108696
0 116 0
1 73 0
1 146 0
0 73 108696
0 146 0
1 38 0
1 77 0
0 38 217392
0 77 0
1 38 0
1 77 0
0 38 108696
0 77 0
1 77 0
1 155 0
0 77 108696
0 155 0
1 77 108696
1 155 0
0 77 108696
0 155 0
1 69 0
1 138 0
0 69 108696
0 138 0
1 77 0
1 155 0
0 77 108696
0 155 0
1 38 0
1 77 0
0 38 217392
0 77 0
1 38 0
1 77 0
0 38 108696
0 77 0
1 77 0
1 155 0
0 77 108696
0 155 0
1 77 108696
1 155 0
0 77 108696
0 155 0
1 69 0
1 138 0
0 69 108696
0 138 0
1 77 0
1 155 0
0 77 108696
0 155 0
1 38 0
1 77 0
0 38 217392
0 77 0
1 38 0
1 77 0
0 38 108696
0 77 0
1 77 0
1 155 0
0 77 108696
0 155 0
1 77 108696
1 155 0
0 77 108696
0 155 0
1 69 0
1 138 0
0 69 108696
0 138 0
1 77 0
1 155 0
0 77 108696
0 155 0
1 38 0
1 77 0
0 38 217392
0 77 0
1 77 0
1 155 0
0 77 108696
0 155 0
1 92 0
1 184 0
0 92 108696
0 184 0
1 51 0
1 103 0
0 51 217392
0 103 0
1 92 0
1 184 0
0 92 108696
0 184 0
1 103 0
1 207 0
0 103 108696
0 207 0
1 30 0
1 61 0
0 30 217392
0 61 0
1 30 0
1 61 0
0 30 108696
0 61 0
1 61 0
1 123 0
0 61 108696
0 123 0
1 61 108696
1 123 0
0 61 108696
0 123 0
1 58 0
1 116 0
0 58 108696
0 116 0
1 61 0
1 123 0
0 61 108696
0 123 0
1 30 0
1 61 0
0 30 217392
0 61 0
1 30 0
1 61 0
0 30 108696
0 61 0
1 61 0
1 123 0
0 61 108696
0 123 0
1 61 108696
1 123 0
0 61 108696
0 123 0
1 58 0
1 116 0
0 58 108696
0 116 0
1 61 0
1 123 0
0 61 108696
0 123 0
1 34 0
1 69 0
0 34 217392
0 69 0
1 34 0
1 69 0
0 34 108696
0 69 0
1 69 0
1 138 0
0 69 108696
0 138 0
1 69 108696
1 138 0
0 69 108696
0 138 0
1 61 0
1 123 0
0 61 108696
0 123 0
1 69 0
1 138 0
0 69 108696
0 138 0
1 36 0
1 73 0
0 36 217392
0 73 0
1 36 0
1 73 0
0 36 108696
0 73 0
1 73 0
1 146 0
0 73 108696
0 146 0
1 73 108696
1 146 0
0 73 108696
0 146 0
1 58 0
1 116 0
0 58 108696
0 116 0
1 73 0
1 146 0
0 73 108696
0 146 0
1 77 0
1 38 0
0 38 217392
0 77 0
1 77 0
1 38 0
0 38 108696
0 77 0
1 155 0
1 77 0
0 77 108696
0 155 0
1 155 108696
1 77 0
0 77 108696
0 155 0
1 138 0
1 69 0
0 69 108696
0 138 0
1 155 0
1 77 0
0 77 108696
0 155 0
1 77 0
1 38 0
0 38 217392
0 77 0
1 77 0
1 38 0
0 38 108696
0 77 0
1 155 0
1 77 0
0 77 108696
0 155 0
1 155 108696
1 77 0
0 77 108696
0 155 0
1 138 0
1 69 0
0 69 108696
0 138 0
1 155 0
1 77 0
0 77 108696
0 155 0
1 77 0
1 38 0
0 38 217392
0 77 0
1 77 0
1 38 0
0 38 108696
0 77 0
1 155 0
1 77 0
0 77 108696
0 155 0
1 155 108696
1 77 0
0 77 108696
0 155 0
1 138 0
1 69 0
0 69 108696
0 138 0
1 155 0
1 77 0
0 77 108696
0 155 0
1 77 0
1 38 0
0 38 217392
0 77 0
1 155 0
1 77 0
0 77 108696
0 155 0
1 184 0
1 92 0
0 92 108696
0 184 0
1 103 0
1 51 0
0 51 217392
0 103 0
1 184 0
1 92 0
0 92 108696
0 184 0
1 207 0
1 103 0
0 103 108696
0 207 0
1 61 0
1 30 0
0 30 217392
0 61 0
1 61 0
1 30 0
0 30 108696
0 61 0
1 123 0
1 61 0
0 61 108696
0 123 0
1 123 108696
1 61 0
0 61 108696
0 123 0
1 116 0
1 58 0
0 58 108696
0 116 0
1 123 0
1 61 0
0 61 108696
0 123 0
1 61 0
1 30 0
0 30 217392
0 61 0
1 61 0
1 30 0
0 30 108696
0 61 0
1 123 0
1 61 0
0 61 108696
0 123 0
1 123 108696
1 61 0
0 61 108696
0 123 0
1 116 0
1 58 0
0 58 108696
0 116 0
1 123 0
1 61 0
0 61 108696
0 123 0
1 69 0
1 34 0
0 34 217392
0 69 0
1 69 0
1 34 0
0 34 108696
0 69 0
1 138 0
1 69 0
0 69 108696
0 138 0
1 138 108696
1 69 0
0 69 108696
0 138 0
1 123 0
1 61 0
0 61 108696
0 123 0
1 138 0
1 69 0
0 69 108696
0 138 0
1 73 0
1 36 0
0 36 217392
0 73 0
1 73 0
1 36 0
0 36 108696
0 73 0
1 146 0
1 73 0
0 73 108696
0 146 0
1 146 108696
1 73 0
0 73 108696
0 146 0
1 116 0
1 58 0
0 58 108696
0 116 0
1 146 0
1 73 0
0 73 108696
0 146 0
1 77 0
1 38 0
0 38 217392
0 77 0
1 77 0
1 38 0
0 38 108696
0 77 0
1 155 0
1 77 0
0 77 108696
0 155 0
1 155 108696
1 77 0
0 77 108696
0 155 0
1 138 0
1 69 0
0 69 108696
0 138 0
1 155 0
1 77 0
0 77 108696
0 155 0
1 77 0
1 38 0
0 38 217392
0 77 0
1 77 0
1 38 0
0 38 108696
0 77 0
1 155 0
1 77 0
0 77 108696
0 155 0
1 155 108696
1 77 0
0 77 108696
0 155 0
1 138 0
1 69 0
0 69 108696
0 138 0
1 155 0
1 77 0
0 77 108696
0 155 0
1 77 0
1 38 0
0 38 217392
0 77 0
1 77 0
1 38 0
0 38 108696
0 77 0
1 155 0
1 77 0
0 77 108696
0 155 0
1 155 108696
1 77 0
0 77 108696
0 155 0
1 138 0
1 69 0
0 69 108696
0 138 0
1 155 0
1 77 0
0 77 108696
0 155 0
1 77 0
1 38 0
0 38 217392
0 77 0
1 155 0
1 77 0
0 77 108696
0 155 0
1 184 0
1 92 0
0 92 108696
0 184 0
1 103 0
1 51 0
0 51 217392
0 103 0
1 184 0
1 92 0
0 92 108696
0 184 0
1 207 0
1 103 0
0 103 108696
0 207 0
1 61 0
1 30 0
0 30 217392
0 61 0
1 61 0
1 30 0
0 30 108696
0 61 0
1 123 0
1 61 0
0 61 108696
0 123 0
1 123 108696
1 61 0
0 61 108696
0 123 0
1 116 0
1 58 0
0 58 108696
0 116 0
1 123 0
1 61 0
0 61 108696
0 123 0
1 61 0
1 30 0
0 30 217392
0 61 0
1 61 0
1 30 0
0 30 108696
0 61 0
1 123 0
1 61 0
0 61 108696
0 123 0
1 123 108696
1 61 0
0 61 108696
0 123 0
1 116 0
1 58 0
0 58 108696
0 116 0
1 123 0
1 61 0
0 61 108696
0 123 0
1 69 0
1 34 0
0 34 217392
0 69 0
1 69 0
1 34 0
0 34 108696
0 69 0
1 138 0
1 69 0
0 69 108696
0 138 0
1 138 108696
1 69 0
0 69 108696
0 138 0
1 123 0
1 61 0
0 61 108696
0 123 0
1 138 0
1 69 0
0 69 108696
0 138 0
1 73 0
1 36 0
0 36 217392
0 73 0
1 73 0
1 36 0
0 36 108696
0 73 0
1 146 0
1 73 0
0 73 108696
0 146 0
1 146 108696
1 73 0
0 73 108696
0 146 0
1 116 0
1 58 0
0 58 108696
0 116 0
1 146 0
1 73 0
0 73 108696
0 146 0
1 30 0
1 61 0
0 30 217392
0 61 0
1 30 0
1 61 0
0 30 108696
0 61 0
1 61 0
1 123 0
0 61 108696
0 123 0
1 61 108696
1 123 0
0 61 108696
0 123 0
1 58 0
1 116 0
0 58 108696
0 116 0
1 61 0
1 123 0
0 61 108696
0 123 0
1 30 0
1 61 0
0 30 217392
0 61 0
1 30 0
1 61 0
0 30 108696
0 61 0
1 61 0
1 123 0
0 61 108696
0 123 0
1 61 108696
1 123 0
0 61 108696
0 123 0
1 58 0
1 116 0
0 58 108696
0 116 0
1 61 0
1 123 0
0 61 108696
0 123 0
1 34 0
1 69 0
0 34 217392
0 69 0
1 34 0
1 69 0
0 34 108696
0 69 0
1 69 0
1 138 0
0 69 108696
0 138 0
1 69 108696
1 138 0
0 69 108696
0 138 0
1 61 0
1 123 0
0 61 108696
0 123 0
1 69 0
1 138 0
0 69 108696
0 138 0
1 34 0
1 69 0
0 34 217392
0 69 0
1 34 0
1 69 0
0 34 108696
0 69 0
1 69 0
1 138 0
0 69 108696
0 138 0
1 69 108696
1 138 0
0 69 108696
0 138 0
1 61 0
1 123 0
0 61 108696
0 123 0
1 69 0
1 138 0
0 69 108696
0 138 0
1 38 0
1 77 0
0 38 217392
0 77 0
1 38 0
1 77 0
0 38 108696
0 77 0
1 77 0
1 155 0
0 77 108696
0 155 0
1 77 108696
1 155 0
0 77 108696
0 155 0
1 69 0
1 138 0
0 69 108696
0 138 0
1 77 0
1 155 0
0 77 108696
0 155 0
1 38 0
1 77 0
0 38 217392
0 77 0
1 38 0
1 77 0
0 38 108696
0 77 0
1 77 0
1 155 0
0 77 108696
0 155 0
1 77 108696
1 155 0
0 77 108696
0 155 0
1 69 0
1 138 0
0 69 108696
0 138 0
1 77 0
1 155 0
0 77 108696
0 155 0
1 38 0
1 77 0
0 38 217392
0 77 0
1 38 0
1 77 0
0 38 108696
0 77 0
1 77 0
1 155 0
0 77 108696
0 155 0
1 77 108696
1 155 0
0 77 108696
0 155 0
1 69 0
1 138 0
0 69 108696
0 138 0
1 77 0
1 155 0
0 77 108696
0 155 0
1 51 0
1 103 0
0 51 217392
0 103 0
1 92 0
1 184 0
0 92 108696
0 184 0
1 103 0
1 207 0
0 103 108696
0 207 0
1 46 0
1 92 0
0 46 217392
0 92 0
1 77 0
1 155 0
0 77 108696
0 155 0
1 92 0
1 184 0
0 92 108696
0 184 0
1 30 0
1 61 0
0 30 217392
0 61 0
1 30 0
1 61 0
0 30 108696
0 61 0
1 61 0
1 123 0
0 61 108696
0 123 0
1 61 108696
1 123 0
0 61 108696
0 123 0
1 58 0
1 116 0
0 58 108696
0 116 0
1 61 0
1 123 0
0 61 108696
0 123 0
1 30 0
1 61 0
0 30 217392
0 61 0
1 30 0
1 61 0
0 30 108696
0 61 0
1 61 0
1 123 0
0 61 108696
0 123 0
1 61 108696
1 123 0
0 61 108696
0 123 0
1 58 0
1 116 0
0 58 108696
0 116 0
1 61 0
1 123 0
0 61 108696
0 123 0
1 34 0
1 69 0
0 34 217392
0 69 0
1 34 0
1 69 0
0 34 108696
0 69 0
1 69 0
1 138 0
0 69 108696
0 138 0
1 69 108696
1 138 0
0 69 108696
0 138 0
1 61 0
1 123 0
0 61 108696
0 123 0
1 69 0
1 138 0
0 69 108696
0 138 0
1 34 0
1 69 0
0 34 217392
0 69 0
1 34 0
1 69 0
0 34 108696
0 69 0
1 69 0
1 138 0
0 69 108696
0 138 0
1 69 108696
1 138 0
0 69 108696
0 138 0
1 61 0
1 123 0
0 61 108696
0 123 0
1 69 0
1 138 0
0 69 108696
0 138 0
1 38 0
1 77 0
0 38 217392
0 77 0
1 38 0
1 77 0
0 38 108696
0 77 0
1 77 0
1 155 0
0 77 108696
0 155 0
1 77 108696
1 155 0
0 77 108696
0 155 0
1 69 0
1 138 0
0 69 108696
0 138 0
1 77 0
1 155 0
0 77 108696
0 155 0
1 38 0
1 77 0
0 38 217392
0 77 0
1 38 0
1 77 0
0 38 108696
0 77 0
1 77 0
1 155 0
0 77 108696
0 155 0
1 77 108696
1 155 0
0 77 108696
0 155 0
1 69 0
1 138 0
0 69 108696
0 138 0
1 77 0
1 155 0
0 77 108696
0 155 0
1 38 0
1 77 0
0 38 217392
0 77 0
1 38 0
1 77 0
0 38 108696
0 77 0
1 77 0
1 155 0
0 77 108696
0 155 0
1 77 108696
1 155 0
0 77 108696
0 155 0
1 69 0
1 138 0
0 69 108696
0 138 0
1 77 0
1 155 0
0 77 108696
0 155 0
1 51 0
1 103 0
0 51 217392
0 103 0
1 92 0
1 184 0
0 92 108696
0 184 0
1 103 0
1 207 0
0 103 108696
0 207 0
1 46 0
1 92 0
0 46 217392
0 92 0
1 77 0
1 155 0
0 77 108696
0 155 0
1 92 0
1 184 0
0 92 108696
0 184 0
1 61 0
1 30 0
0 30 217392
0 61 0
1 61 0
1 30 0
0 30 108696
0 61 0
1 123 0
1 61 0
0 61 108696
0 123 0
1 123 108696
1 61 0
0 61 108696
0 123 0
1 116 0
1 58 0
0 58 108696
0 116 0
1 123 0
1 61 0
0 61 108696
0 123 0
1 61 0
1 30 0
0 30 217392
0 61 0
1 61 0
1 30 0
0 30 108696
0 61 0
1 123 0
1 61 0
0 61 108696
0 123 0
1 123 108696
1 61 0
0 61 108696
0 123 0
1 116 0
1 58 0
0 58 108696
0 116 0
1 123 0
1 61 0
0 61 108696
0 123 0
1 69 0
1 34 0
0 34 217392
0 69 0
1 69 0
1 34 0
0 34 108696
0 69 0
1 138 0
1 69 0
0 69 108696
0 138 0
1 138 108696
1 69 0
0 69 108696
0 138 0
1 123 0
1 61 0
0 61 108696
0 123 0
1 138 0
1 69 0
0 69 108696
0 138 0
1 69 0
1 34 0
0 34 217392
0 69 0
1 69 0
1 34 0
0 34 108696
0 69 0
1 138 0
1 69 0
0 69 108696
0 138 0
1 138 108696
1 69 0
0 69 108696
0 138 0
1 123 0
1 61 0
0 61 108696
0 123 0
1 138 0
1 69 0
0 69 108696
0 138 0
1 77 0
1 38 0
0 38 217392
0 77 0
1 77 0
1 38 0
0 38 108696
0 77 0
1 155 0
1 77 0
0 77 108696
0 155 0
1 155 108696
1 77 0
0 77 108696
0 155 0
1 138 0
1 69 0
0 69 108696
0 138 0
1 155 0
1 77 0
0 77 108696
0 155 0
1 77 0
1 38 0
0 38 217392
0 77 0
1 77 0
1 38 0
0 38 108696
0 77 0
1 155 0
1 77 0
0 77 108696
0 155 0
1 155 108696
1 77 0
0 77 108696
0 155 0
1 138 0
1 69 0
0 69 108696
0 138 0
1 155 0
1 77 0
0 77 108696
0 155 0
1 77 0
1 38 0
0 38 217392
0 77 0
1 77 0
1 38 0
0 38 108696
0 77 0
1 155 0
1 77 0
0 77 108696
0 155 0
1 155 108696
1 77 0
0 77 108696
0 155 0
1 138 0
1 69 0
0 69 108696
0 138 0
1 155 0
1 77 0
0 77 108696
0 155 0
1 103 0
1 51 0
0 51 217392
0 103 0
1 184 0
1 92 0
0 92 108696
0 184 0
1 207 0
1 103 0
0 103 108696
0 207 0
1 92 0
1 46 0
0 46 217392
0 92 0
1 155 0
1 77 0
0 77 108696
0 155 0
1 184 0
1 92 0
0 92 108696
0 184 0
1 61 0
1 30 0
0 30 217392
0 61 0
1 61 0
1 30 0
0 30 108696
0 61 0
1 123 0
1 61 0
0 61 108696
0 123 0
1 123 108696
1 61 0
0 61 108696
0 123 0
1 116 0
1 58 0
0 58 108696
0 116 0
1 123 0
1 61 0
0 61 108696
0 123 0
1 61 0
1 30 0
0 30 217392
0 61 0
1 61 0
1 30 0
0 30 108696
0 61 0
1 123 0
1 61 0
0 61 108696
0 123 0
1 123 108696
1 61 0
0 61 108696
0 123 0
1 116 0
1 58 0
0 58 108696
0 116 0
1 123 0
1 61 0
0 61 108696
0 123 0
1 69 0
1 34 0
0 34 217392
0 69 0
1 69 0
1 34 0
0 34 108696
0 69 0
1 138 0
1 69 0
0 69 108696
0 138 0
1 138 108696
1 69 0
0 69 108696
0 138 0
1 123 0
1 61 0
0 61 108696
0 123 0
1 138 0
1 69 0
0 69 108696
0 138 0
1 69 0
1 34 0
0 34 217392
0 69 0
1 69 0
1 34 0
0 34 108696
0 69 0
1 138 0
1 69 0
0 69 108696
0 138 0
1 138 108696
1 69 0
0 69 108696
0 138 0
1 123 0
1 61 0
0 61 108696
0 123 0
1 138 0
1 69 0
0 69 108696
0 138 0
1 77 0
1 38 0
0 38 217392
0 77 0
1 77 0
1 38 0
0 38 108696
0 77 0
1 155 0
1 77 0
0 77 108696
0 155 0
1 155 108696
1 77 0
0 77 108696
0 155 0
1 138 0
1 69 0
0 69 108696
0 138 0
1 155 0
1 77 0
0 77 108696
0 155 0
1 77 0
1 38 0
0 38 217392
0 77 0
1 77 0
1 38 0
0 38 108696
0 77 0
1 155 0
1 77 0
0 77 108696
0 155 0
1 155 108696
1 77 0
0 77 108696
0 155 0
1 138 0
1 69 0
0 69 108696
0 138 0
1 155 0
1 77 0
0 77 108696
0 155 0
1 77 0
1 38 0
0 38 217392
0 77 0
1 77 0
1 38 0
0 38 108696
0 77 0
1 155 0
1 77 0
0 77 108696
0 155 0
1 155 108696
1 77 0
0 77 108696
0 155 0
1 138 0
1 69 0
0 69 108696
0 138 0
1 155 0
1 77 0
0 77 108696
0 155 0
1 103 0
1 51 0
0 51 217392
0 103 0
1 184 0
1 92 0
0 92 108696
0 184 0
1 207 0
1 103 0
0 103 108696
0 207 0
1 92 0
1 46 0
0 46 217392
0 92 0
1 155 0
1 77 0
0 77 108696
0 155 0
1 184 0
1 92 0
0 92 108696
0 184 0
1 32 0
1 65 0
1 97 0
0 97 1739132
0 32 0
0 65 0
1 36 0
1 73 0
1 110 0
0 110 1739132
0 36 0
0 73 0
1 41 0
1 82 0
1 123 0
0 123 3478264
0 41 0
0 82 0
1 32 0
1 65 0
1 97 0
0 97 1739132
0 32 0
0 65 0
1 36 0
1 73 0
1 110 0
0 110 1739132
0 36 0
0 73 0
1 41 0
1 82 0
1 123 0
0 123 3478264
0 41 0
0 82 0
1 97 0
1 32 0
1 65 0
0 65 1739132
0 97 0
0 32 0
1 110 0
1 36 0
1 73 0
0 73 1739132
0 110 0
0 36 0
1 123 0
1 41 0
1 82 0
0 82 3478264
0 123 0
0 41 0
1 65 0
1 97 0
1 32 0
0 32 1739132
0 65 0
0 97 0
1 73 0
1 110 0
1 36 0
0 36 1739132
0 73 0
0 110 0
1 82 0
1 123 0
1 41 0
0 41 3478264
0 123 0
0 82 0
