1 155 27826112
0 155 217392
1 311 0
0 311 108696
1 311 0
0 311 108696
1 311 108696
0 311 108696
1 277 0
0 277 108696
1 311 0
0 311 108696
1 155 0
0 155 217392
1 311 0
0 311 108696
1 311 0
0 311 108696
1 311 108696
0 311 108696
1 277 0
0 277 108696
1 311 0
0 311 108696
1 155 0
0 155 217392
1 311 0
0 311 108696
1 311 0
0 311 108696
1 311 108696
0 311 108696
1 277 0
0 277 108696
1 311 0
0 311 108696
1 155 0
0 155 217392
1 311 0
0 311 108696
1 369 0
0 369 108696
1 207 0
0 207 217392
1 369 0
0 369 108696
1 415 0
0 415 108696
1 123 0
0 123 217392
1 311 0
0 311 108696
1 311 0
0 311 108696
1 311 108696
0 311 108696
1 277 0
0 277 108696
1 311 0
0 311 108696
1 123 0
0 123 217392
1 311 0
0 311 108696
1 311 0
0 311 108696
1 311 108696
0 311 108696
1 277 0
0 277 108696
1 311 0
0 311 108696
1 138 0
0 138 217392
1 311 0
0 311 108696
1 311 0
0 311 108696
1 311 108696
0 311 108696
1 277 0
0 277 108696
1 311 0
0 311 108696
1 155 0
0 155 217392
1 311 0
0 311 108696
1 369 0
0 369 108696
1 207 0
0 207 217392
1 369 0
0 369 108696
1 415 0
0 415 108696
1 155 0
0 155 217392
1 311 0
0 311 108696
1 311 0
0 311 108696
1 311 108696
0 311 108696
1 277 0
0 277 108696
1 311 0
0 311 108696
1 155 0
0 155 217392
1 311 0
0 311 108696
1 311 0
0 311 108696
1 311 108696
0 311 108696
1 277 0
0 277 108696
1 311 0
0 311 108696
1 155 0
0 155 217392
1 311 0
0 311 108696
1 311 0
0 311 108696
1 311 108696
0 311 108696
1 277 0
0 277 108696
1 311 0
0 311 108696
1 155 0
0 155 217392
1 311 0
0 311 108696
1 369 0
0 369 108696
1 207 0
0 207 217392
1 369 0
0 369 108696
1 415 0
0 415 108696
1 123 0
0 123 217392
1 311 0
0 311 108696
1 311 0
0 311 108696
1 311 108696
0 311 108696
1 277 0
0 277 108696
1 311 0
0 311 108696
1 123 0
0 123 217392
1 311 0
0 311 108696
1 311 0
0 311 108696
1 311 108696
0 311 108696
1 277 0
0 277 108696
1 311 0
0 311 108696
1 138 0
0 138 217392
1 311 0
0 311 108696
1 311 0
0 311 108696
1 311 108696
0 311 108696
1 277 0
0 277 108696
1 311 0
0 311 108696
1 155 0
0 155 217392
1 311 0
0 311 108696
1 369 0
0 369 108696
1 207 0
0 207 217392
1 369 0
0 369 108696
1 415 0
0 415 108696
1 155 0
0 155 217392
1 311 0
0 311 108696
1 311 0
0 311 108696
1 311 108696
0 311 108696
1 277 0
0 277 108696
1 311 0
0 311 108696
1 155 0
0 155 217392
1 311 0
0 311 108696
1 311 0
0 311 108696
1 311 108696
0 311 108696
1 277 0
0 277 108696
1 311 0
0 311 108696
1 155 0
0 155 217392
1 311 0
0 311 108696
1 311 0
0 311 108696
1 311 108696
0 311 108696
1 277 0
0 277 108696
1 311 0
0 311 108696
1 155 0
0 155 217392
1 311 0
0 311 108696
1 369 0
0 369 108696
1 207 0
0 207 217392
1 369 0
0 369 108696
1 415 0
0 415 108696
1 123 0
0 123 217392
1 311 0
0 311 108696
1 311 0
0 311 108696
1 311 108696
0 311 108696
1 277 0
0 277 108696
1 311 0
0 311 108696
1 123 0
0 123 217392
1 311 0
0 311 108696
1 311 0
0 311 108696
1 311 108696
0 311 108696
1 277 0
0 277 108696
1 311 0
0 311 108696
1 138 0
0 138 217392
1 311 0
0 311 108696
1 311 0
0 311 108696
1 311 108696
0 311 108696
1 277 0
0 277 108696
1 311 0
0 311 108696
1 155 0
0 155 217392
1 311 0
0 311 108696
1 369 0
0 369 108696
1 207 0
0 207 217392
1 369 0
0 369 108696
1 415 0
0 415 108696
1 155 0
0 155 217392
1 311 0
0 311 108696
1 311 0
0 311 108696
1 311 108696
0 311 108696
1 277 0
0 277 108696
1 311 0
0 311 108696
1 155 0
0 155 217392
1 311 0
0 311 108696
1 311 0
0 311 108696
1 311 108696
0 311 108696
1 277 0
0 277 108696
1 311 0
0 311 108696
1 155 0
0 155 217392
1 311 0
0 311 108696
1 311 0
0 311 108696
1 311 108696
0 311 108696
1 277 0
0 277 108696
1 311 0
0 311 108696
1 155 0
0 155 217392
1 311 0
0 311 108696
1 369 0
0 369 108696
1 207 0
0 207 217392
1 369 0
0 369 108696
1 415 0
0 415 108696
1 123 0
0 123 217392
1 311 0
0 311 108696
1 311 0
0 311 108696
1 311 108696
0 311 108696
1 277 0
0 277 108696
1 311 0
0 311 108696
1 123 0
0 123 217392
1 311 0
0 311 108696
1 311 0
0 311 108696
1 311 108696
0 311 108696
1 277 0
0 277 108696
1 311 0
0 311 108696
1 138 0
0 138 217392
1 277 0
0 277 217392
1 155 0
0 155 217392
1 311 0
0 311 217392
1 174 0
0 174 217392
1 349 0
0 349 217392
1 184 0
0 184 217392
1 369 0
0 369 217392
1 123 0
0 123 217392
1 311 0
0 311 108696
1 311 0
0 311 108696
1 311 108696
0 311 108696
1 277 0
0 277 108696
1 311 0
0 311 108696
1 123 0
0 123 217392
1 311 0
0 311 108696
1 311 0
0 311 108696
1 311 108696
0 311 108696
1 277 0
0 277 108696
1 311 0
0 311 108696
1 138 0
0 138 217392
1 311 0
0 311 108696
1 311 0
0 311 108696
1 311 108696
0 311 108696
1 277 0
0 277 108696
1 311 0
0 311 108696
1 138 0
0 138 217392
1 311 0
0 311 108696
1 311 0
0 311 108696
1 311 108696
0 311 108696
1 277 0
0 277 108696
1 311 0
0 311 108696
1 155 0
0 155 217392
1 311 0
0 311 108696
1 311 0
0 311 108696
1 311 108696
0 311 108696
1 277 0
0 277 108696
1 311 0
0 311 108696
1 155 0
0 155 217392
1 311 0
0 311 108696
1 311 0
0 311 108696
1 311 108696
0 311 108696
1 277 0
0 277 108696
1 311 0
0 311 108696
1 155 0
0 155 217392
1 311 0
0 311 108696
1 311 0
0 311 108696
1 311 108696
0 311 108696
1 277 0
0 277 108696
1 311 0
0 311 108696
1 207 0
0 207 217392
1 311 0
0 311 108696
1 311 0
0 311 108696
1 184 0
1 311 108696
0 311 108696
0 184 0
1 277 0
0 277 108696
1 311 0
0 311 108696
1 123 0
0 123 217392
1 311 0
0 311 108696
1 311 0
0 311 108696
1 311 108696
0 311 108696
1 277 0
0 277 108696
1 311 0
0 311 108696
1 123 0
0 123 217392
1 311 0
0 311 108696
1 311 0
0 311 108696
1 311 108696
0 311 108696
1 277 0
0 277 108696
1 311 0
0 311 108696
1 138 0
0 138 217392
1 311 0
0 311 108696
1 311 0
0 311 108696
1 311 108696
0 311 108696
1 277 0
0 277 108696
1 311 0
0 311 108696
1 138 0
0 138 217392
1 311 0
0 311 108696
1 311 0
0 311 108696
1 311 108696
0 311 108696
1 277 0
0 277 108696
1 311 0
0 311 108696
1 155 0
0 155 217392
1 311 0
0 311 108696
1 311 0
0 311 108696
1 311 108696
0 311 108696
1 277 0
0 277 108696
1 311 0
0 311 108696
1 155 0
0 155 217392
1 311 0
0 311 108696
1 311 0
0 311 108696
1 311 108696
0 311 108696
1 277 0
0 277 108696
1 311 0
0 311 108696
1 155 0
0 155 217392
1 311 0
0 311 108696
1 311 0
0 311 108696
1 311 108696
0 311 108696
1 277 0
0 277 108696
1 311 0
0 311 108696
1 207 0
0 207 217392
1 311 0
0 311 108696
1 311 0
0 311 108696
1 184 0
1 311 108696
0 311 108696
0 184 0
1 277 0
0 277 108696
1 311 0
0 311 108696
1 123 0
0 123 217392
1 311 0
0 311 108696
1 311 0
0 311 108696
1 311 108696
0 311 108696
1 277 0
0 277 108696
1 311 0
0 311 108696
1 123 0
0 123 217392
1 311 0
0 311 108696
1 311 0
0 311 108696
1 311 108696
0 311 108696
1 277 0
0 277 108696
1 311 0
0 311 108696
1 138 0
0 138 217392
1 311 0
0 311 108696
1 311 0
0 311 108696
1 311 108696
0 311 108696
1 277 0
0 277 108696
1 311 0
0 311 108696
1 138 0
0 138 217392
1 311 0
0 311 108696
1 311 0
0 311 108696
1 311 108696
0 311 108696
1 277 0
0 277 108696
1 311 0
0 311 108696
1 155 0
0 155 217392
1 311 0
0 311 108696
1 311 0
0 311 108696
1 311 108696
0 311 108696
1 277 0
0 277 108696
1 311 0
0 311 108696
1 155 0
0 155 217392
1 311 0
0 311 108696
1 311 0
0 311 108696
1 311 108696
0 311 108696
1 277 0
0 277 108696
1 311 0
0 311 108696
1 155 0
0 155 217392
1 311 0
0 311 108696
1 311 0
0 311 108696
1 311 108696
0 311 108696
1 277 0
0 277 108696
1 311 0
0 311 108696
1 207 0
0 207 217392
1 311 0
0 311 108696
1 311 0
0 311 108696
1 184 0
1 311 108696
0 311 108696
0 184 0
1 277 0
0 277 108696
1 311 0
0 311 108696
1 123 0
0 123 217392
1 311 0
0 311 108696
1 311 0
0 311 108696
1 311 108696
0 311 108696
1 277 0
0 277 108696
1 311 0
0 311 108696
1 123 0
0 123 217392
1 311 0
0 311 108696
1 311 0
0 311 108696
1 311 108696
0 311 108696
1 277 0
0 277 108696
1 311 0
0 311 108696
1 138 0
0 138 217392
1 311 0
0 311 108696
1 311 0
0 311 108696
1 311 108696
0 311 108696
1 277 0
0 277 108696
1 311 0
0 311 108696
1 138 0
0 138 217392
1 311 0
0 311 108696
1 311 0
0 311 108696
1 311 108696
0 311 108696
1 277 0
0 277 108696
1 311 0
0 311 108696
1 155 0
0 155 217392
1 311 0
0 311 108696
1 311 0
0 311 108696
1 311 108696
0 311 108696
1 277 0
0 277 108696
1 311 0
0 311 108696
1 155 0
0 155 217392
1 311 0
0 311 108696
1 311 0
0 311 108696
1 311 108696
0 311 108696
1 277 0
0 277 108696
1 311 0
0 311 108696
1 155 0
0 155 217392
1 311 0
0 311 108696
1 311 0
0 311 108696
1 311 108696
0 311 108696
1 277 0
0 277 108696
1 311 0
0 311 108696
1 207 0
0 207 217392
1 311 0
0 311 108696
1 311 0
0 311 108696
1 184 0
1 311 108696
0 184 108696
0 311 0
1 277 0
0 277 108696
1 311 0
0 311 108696
1 415 26956546
0 415 434783
1 369 0
0 369 434783
1 155 0
0 155 217392
1 311 0
0 311 108696
1 311 0
0 311 108696
1 311 108696
0 311 108696
1 277 0
0 277 108696
1 311 0
0 311 108696
1 155 0
0 155 217392
1 311 0
0 311 108696
1 311 0
0 311 108696
1 311 108696
0 311 108696
1 277 0
0 277 108696
1 311 0
0 311 108696
1 155 0
0 155 217392
1 311 0
0 311 108696
1 311 0
0 311 108696
1 311 108696
0 311 108696
1 277 0
0 277 108696
1 311 0
0 311 108696
1 155 0
0 155 217392
1 311 0
0 311 108696
1 369 0
0 369 108696
1 207 0
0 207 217392
1 369 0
0 369 108696
1 415 0
0 415 108696
1 155 0
0 155 217392
1 311 0
0 311 108696
1 311 0
0 311 108696
1 311 108696
0 311 108696
1 277 0
0 277 108696
1 311 0
0 311 108696
1 155 0
0 155 217392
1 311 0
0 311 108696
1 311 0
0 311 108696
1 311 108696
0 311 108696
1 277 0
0 277 108696
1 311 0
0 311 108696
1 155 0
0 155 217392
1 311 0
0 311 108696
1 311 0
0 311 108696
1 311 108696
0 311 108696
1 277 0
0 277 108696
1 311 0
0 311 108696
1 207 0
0 207 217392
1 369 0
0 369 108696
1 415 0
0 415 108696
1 184 0
0 184 217392
1 311 0
0 311 108696
1 369 0
0 369 108696
1 155 0
0 155 217392
1 311 0
0 311 108696
1 311 0
0 311 108696
1 311 108696
0 311 108696
1 277 0
0 277 108696
1 311 0
0 311 108696
1 155 0
0 155 217392
1 311 0
0 311 108696
1 311 0
0 311 108696
1 311 108696
0 311 108696
1 277 0
0 277 108696
1 311 0
0 311 108696
1 155 0
0 155 217392
1 311 0
0 311 108696
1 311 0
0 311 108696
1 311 108696
0 311 108696
1 277 0
0 277 108696
1 311 0
0 311 108696
1 155 0
0 155 217392
1 311 0
0 311 108696
1 369 0
0 369 108696
1 207 0
0 207 217392
1 369 0
0 369 108696
1 415 0
0 415 108696
1 155 0
0 155 217392
1 311 0
0 311 108696
1 311 0
0 311 108696
1 311 108696
0 311 108696
1 277 0
0 277 108696
1 311 0
0 311 108696
1 155 0
0 155 217392
1 311 0
0 311 108696
1 311 0
0 311 108696
1 311 108696
0 311 108696
1 277 0
0 277 108696
1 311 0
0 311 108696
1 155 0
0 155 217392
1 311 0
0 311 108696
1 311 0
0 311 108696
1 311 108696
0 311 108696
1 277 0
0 277 108696
1 311 0
0 311 108696
1 207 0
0 207 144928
1 369 0
0 369 144928
1 415 0
0 415 144928
1 184 0
0 184 144928
1 311 0
0 311 144928
1 369 0
0 369 144928
1 155 0
0 155 217392
1 311 0
0 311 108696
1 311 0
0 311 108696
1 311 108696
0 311 108696
1 277 0
0 277 108696
1 311 0
0 311 108696
1 155 0
0 155 217392
1 311 0
0 311 108696
1 311 0
0 311 108696
1 311 108696
0 311 108696
1 277 0
0 277 108696
1 311 0
0 311 108696
1 155 0
0 155 217392
1 311 0
0 311 108696
1 311 0
0 311 108696
1 311 108696
0 311 108696
1 277 0
0 277 108696
1 311 0
0 311 108696
1 155 0
0 155 217392
1 311 0
0 311 108696
1 369 0
0 369 108696
1 207 0
0 207 217392
1 369 0
0 369 108696
1 415 0
0 415 108696
1 123 0
0 123 217392
1 311 0
0 311 108696
1 311 0
0 311 108696
1 311 108696
0 311 108696
1 277 0
0 277 108696
1 311 0
0 311 108696
1 123 0
0 123 217392
1 311 0
0 311 108696
1 311 0
0 311 108696
1 311 108696
0 311 108696
1 277 0
0 277 108696
1 311 0
0 311 108696
1 138 0
0 138 217392
1 311 0
0 311 108696
1 311 0
0 311 108696
1 311 108696
0 311 108696
1 277 0
0 277 108696
1 311 0
0 311 108696
1 155 0
0 155 217392
1 311 0
0 311 108696
1 369 0
0 369 108696
1 207 0
0 207 217392
1 369 0
0 369 108696
1 415 0
0 415 108696
1 155 0
0 155 217392
1 311 0
0 311 108696
1 311 0
0 311 108696
1 311 108696
0 311 108696
1 277 0
0 277 108696
1 311 0
0 311 108696
1 155 0
0 155 217392
1 311 0
0 311 108696
1 311 0
0 311 108696
1 311 108696
0 311 108696
1 277 0
0 277 108696
1 311 0
0 311 108696
1 155 0
0 155 217392
1 311 0
0 311 108696
1 311 0
0 311 108696
1 311 108696
0 311 108696
1 277 0
0 277 108696
1 311 0
0 311 108696
1 155 0
0 155 217392
1 311 0
0 311 108696
1 369 0
0 369 108696
1 207 0
0 207 217392
1 369 0
0 369 108696
1 415 0
0 415 108696
1 123 0
0 123 217392
1 311 0
0 311 108696
1 311 0
0 311 108696
1 311 108696
0 311 108696
1 277 0
0 277 108696
1 311 0
0 311 108696
1 123 0
0 123 217392
1 311 0
0 311 108696
1 311 0
0 311 108696
1 311 108696
0 311 108696
1 277 0
0 277 108696
1 311 0
0 311 108696
1 138 0
0 138 217392
1 311 0
0 311 108696
1 311 0
0 311 108696
1 311 108696
0 311 108696
1 277 0
0 277 108696
1 311 0
0 311 108696
1 155 0
0 155 217392
1 311 0
0 311 108696
1 369 0
0 369 108696
1 207 0
0 207 217392
1 369 0
0 369 108696
1 415 0
0 415 108696
1 155 0
0 155 217392
1 311 0
0 311 108696
1 311 0
0 311 108696
1 311 108696
0 311 108696
1 277 0
0 277 108696
1 311 0
0 311 108696
1 155 0
0 155 217392
1 311 0
0 311 108696
1 311 0
0 311 108696
1 311 108696
0 311 108696
1 277 0
0 277 108696
1 311 0
0 311 108696
1 155 0
0 155 217392
1 311 0
0 311 108696
1 311 0
0 311 108696
1 311 108696
0 311 108696
1 277 0
0 277 108696
1 311 0
0 311 108696
1 155 0
0 155 217392
1 311 0
0 311 108696
1 369 0
0 369 108696
1 207 0
0 207 217392
1 369 0
0 369 108696
1 415 0
0 415 108696
1 123 0
0 123 217392
1 311 0
0 311 108696
1 311 0
0 311 108696
1 311 108696
0 311 108696
1 277 0
0 277 108696
1 311 0
0 311 108696
1 123 0
0 123 217392
1 311 0
0 311 108696
1 311 0
0 311 108696
1 311 108696
0 311 108696
1 277 0
0 277 108696
1 311 0
0 311 108696
1 138 0
0 138 217392
1 311 0
0 311 108696
1 311 0
0 311 108696
1 311 108696
0 311 108696
1 277 0
0 277 108696
1 311 0
0 311 108696
1 155 0
0 155 217392
1 311 0
0 311 108696
1 369 0
0 369 108696
1 207 0
0 207 217392
1 369 0
0 369 108696
1 415 0
0 415 108696
1 155 0
0 155 217392
1 311 0
0 311 108696
1 311 0
0 311 108696
1 311 108696
0 311 108696
1 277 0
0 277 108696
1 311 0
0 311 108696
1 155 0
0 155 217392
1 311 0
0 311 108696
1 311 0
0 311 108696
1 311 108696
0 311 108696
1 277 0
0 277 108696
1 311 0
0 311 108696
1 155 0
0 155 217392
1 311 0
0 311 108696
1 311 0
0 311 108696
1 311 108696
0 311 108696
1 277 0
0 277 108696
1 311 0
0 311 108696
1 155 0
0 155 217392
1 311 0
0 311 108696
1 369 0
0 369 108696
1 207 0
0 207 217392
1 369 0
0 369 108696
1 415 0
0 415 108696
1 123 0
0 123 217392
1 311 0
0 311 108696
1 311 0
0 311 108696
1 311 108696
0 311 108696
1 277 0
0 277 108696
1 311 0
0 311 108696
1 123 0
0 123 217392
1 311 0
0 311 108696
1 311 0
0 311 108696
1 311 108696
0 311 108696
1 277 0
0 277 108696
1 311 0
0 311 108696
1 138 0
0 138 217392
1 311 0
0 311 108696
1 311 0
0 311 108696
1 311 108696
0 311 108696
1 277 0
0 277 108696
1 311 0
0 311 108696
1 155 0
0 155 217392
1 311 0
0 311 108696
1 369 0
0 369 108696
1 207 0
0 207 217392
1 369 0
0 369 108696
1 415 0
0 415 108696
1 123 0
0 123 217392
1 311 0
0 311 108696
1 311 0
0 311 108696
1 311 108696
0 311 108696
1 277 0
0 277 108696
1 311 0
0 311 108696
1 123 0
0 123 217392
1 311 0
0 311 108696
1 311 0
0 311 108696
1 311 108696
0 311 108696
1 277 0
0 277 108696
1 311 0
0 311 108696
1 138 0
0 138 217392
1 311 0
0 311 108696
1 311 0
0 311 108696
1 311 108696
0 311 108696
1 277 0
0 277 108696
1 311 0
0 311 108696
1 138 0
0 138 217392
1 311 0
0 311 108696
1 311 0
0 311 108696
1 311 108696
0 311 108696
1 277 0
0 277 108696
1 311 0
0 311 108696
1 155 0
0 155 217392
1 311 0
0 311 108696
1 311 0
0 311 108696
1 311 108696
0 311 108696
1 277 0
0 277 108696
1 311 0
0 311 108696
1 155 0
0 155 217392
1 311 0
0 311 108696
1 311 0
0 311 108696
1 311 108696
0 311 108696
1 277 0
0 277 108696
1 311 0
0 311 108696
1 155 0
0 155 217392
1 311 0
0 311 108696
1 311 0
0 311 108696
1 311 108696
0 311 108696
1 277 0
0 277 108696
1 311 0
0 311 108696
1 207 0
0 207 217392
1 311 0
0 311 108696
1 311 0
0 311 108696
1 184 0
1 311 108696
0 311 108696
0 184 0
1 277 0
0 277 108696
1 311 0
0 311 108696
1 123 0
0 123 217392
1 311 0
0 311 108696
1 311 0
0 311 108696
1 311 108696
0 311 108696
1 277 0
0 277 108696
1 311 0
0 311 108696
1 123 0
0 123 217392
1 311 0
0 311 108696
1 311 0
0 311 108696
1 311 108696
0 311 108696
1 277 0
0 277 108696
1 311 0
0 311 108696
1 138 0
0 138 217392
1 311 0
0 311 108696
1 311 0
0 311 108696
1 311 108696
0 311 108696
1 277 0
0 277 108696
1 311 0
0 311 108696
1 138 0
0 138 217392
1 311 0
0 311 108696
1 311 0
0 311 108696
1 311 108696
0 311 108696
1 277 0
0 277 108696
1 311 0
0 311 108696
1 155 0
0 155 217392
1 311 0
0 311 108696
1 311 0
0 311 108696
1 311 108696
0 311 108696
1 277 0
0 277 108696
1 311 0
0 311 108696
1 155 0
0 155 217392
1 311 0
0 311 108696
1 311 0
0 311 108696
1 311 108696
0 311 108696
1 277 0
0 277 108696
1 311 0
0 311 108696
1 155 0
0 155 217392
1 311 0
0 311 108696
1 311 0
0 311 108696
1 311 108696
0 311 108696
1 277 0
0 277 108696
1 311 0
0 311 108696
1 207 0
0 207 217392
1 311 0
0 311 108696
1 311 0
0 311 108696
1 184 0
1 311 108696
0 311 108696
0 184 0
1 277 0
0 277 108696
1 311 0
0 311 108696
1 123 0
0 123 217392
1 311 0
0 311 108696
1 311 0
0 311 108696
1 311 108696
0 311 108696
1 277 0
0 277 108696
1 311 0
0 311 108696
1 123 0
0 123 217392
1 311 0
0 311 108696
1 311 0
0 311 108696
1 311 108696
0 311 108696
1 277 0
0 277 108696
1 311 0
0 311 108696
1 138 0
0 138 217392
1 311 0
0 311 108696
1 311 0
0 311 108696
1 311 108696
0 311 108696
1 277 0
0 277 108696
1 311 0
0 311 108696
1 138 0
0 138 217392
1 311 0
0 311 108696
1 311 0
0 311 108696
1 311 108696
0 311 108696
1 277 0
0 277 108696
1 311 0
0 311 108696
1 155 0
0 155 217392
1 311 0
0 311 108696
1 311 0
0 311 108696
1 311 108696
0 311 108696
1 277 0
0 277 108696
1 311 0
0 311 108696
1 155 0
0 155 217392
1 311 0
0 311 108696
1 311 0
0 311 108696
1 311 108696
0 311 108696
1 277 0
0 277 108696
1 311 0
0 311 108696
1 155 0
0 155 217392
1 311 0
0 311 108696
1 311 0
0 311 108696
1 311 108696
0 311 108696
1 277 0
0 277 108696
1 311 0
0 311 108696
1 207 0
0 207 217392
1 311 0
0 311 108696
1 311 0
0 311 108696
1 184 0
1 311 108696
0 311 108696
0 184 0
1 277 0
0 277 108696
1 311 0
0 311 108696
1 123 0
0 123 217392
1 311 0
0 311 108696
1 311 0
0 311 108696
1 311 108696
0 311 108696
1 277 0
0 277 108696
1 311 0
0 311 108696
1 123 0
0 123 217392
1 311 0
0 311 108696
1 311 0
0 311 108696
1 311 108696
0 311 108696
1 277 0
0 277 108696
1 311 0
0 311 108696
1 138 0
0 138 217392
1 311 0
0 311 108696
1 311 0
0 311 108696
1 311 108696
0 311 108696
1 277 0
0 277 108696
1 311 0
0 311 108696
1 138 0
0 138 217392
1 311 0
0 311 108696
1 311 0
0 311 108696
1 311 108696
0 311 108696
1 277 0
0 277 108696
1 311 0
0 311 108696
1 155 0
0 155 217392
1 311 0
0 311 108696
1 311 0
0 311 108696
1 311 108696
0 311 108696
1 277 0
0 277 108696
1 311 0
0 311 108696
1 155 0
0 155 217392
1 311 0
0 311 108696
1 311 0
0 311 108696
1 311 108696
0 311 108696
1 277 0
0 277 108696
1 311 0
0 311 108696
1 155 0
0 155 217392
1 311 0
0 311 108696
1 311 0
0 311 108696
1 311 108696
0 311 108696
1 277 0
0 277 108696
1 311 0
0 311 108696
1 207 0
0 207 217392
1 311 0
0 311 108696
1 311 0
0 311 108696
1 184 0
1 311 108696
0 311 108696
0 184 0
1 277 0
0 277 108696
1 311 0
0 311 108696
