1 311 0
1 155 0
0 155 102041
0 311 0
1 311 0
1 155 0
0 155 102041
0 311 0
1 233 0
1 349 0
0 349 102041
0 233 0
1 349 0
1 233 0
0 233 102041
0 349 0
1 155 0
1 369 0
0 369 102041
0 155 0
1 369 0
1 155 0
0 155 102041
0 369 0
1 415 0
1 233 0
0 233 102041
0 415 0
1 233 0
1 415 0
0 415 102041
0 233 0
1 155 0
1 466 0
0 466 102041
0 155 0
1 155 0
0 155 102041
1 233 0
0 233 102041
1 466 0
1 233 0
0 233 102041
0 466 0
1 622 0
1 155 0
0 155 102041
0 622 0
1 155 0
1 622 0
0 622 102041
0 155 0
1 233 0
1 554 0
0 554 102041
0 233 0
1 233 0
1 554 0
0 554 102041
0 233 0
1 466 0
1 155 0
0 155 102041
0 466 0
1 155 0
0 155 102041
1 233 0
0 233 102041
1 466 0
1 233 0
0 233 102041
0 466 0
1 311 0
1 155 0
0 155 102041
0 311 0
1 155 0
0 155 102041
1 233 0
0 233 102041
1 311 0
1 233 0
0 233 102041
0 311 0
1 466 0
1 155 0
0 155 102041
0 466 0
1 466 0
1 155 0
0 155 102041
0 466 0
1 233 0
1 415 0
0 415 102041
0 233 0
1 233 0
1 415 0
0 415 102041
0 233 0
1 369 0
1 155 0
0 155 102041
0 369 0
1 369 0
1 155 0
0 155 102041
0 369 0
1 233 0
1 349 0
0 349 102041
0 233 0
1 233 0
1 349 0
0 349 102041
0 233 0
1 311 0
1 123 0
0 123 102041
0 311 0
1 311 0
1 123 0
0 123 102041
0 311 0
1 184 0
1 349 0
0 349 102041
0 184 0
1 184 0
1 349 0
0 349 102041
0 184 0
1 123 0
1 369 0
0 369 102041
0 123 0
1 369 0
1 123 0
0 123 102041
0 369 0
1 415 0
1 184 0
0 184 102041
0 415 0
1 415 0
1 184 0
0 184 102041
0 415 0
1 466 0
1 123 0
0 123 102041
0 466 0
1 123 0
0 123 102041
1 184 0
0 184 102041
1 466 0
1 184 0
0 184 102041
0 466 0
1 415 0
1 123 0
0 123 102041
0 415 0
1 415 0
1 123 0
0 123 102041
0 415 0
1 184 0
1 369 0
0 369 102041
0 184 0
1 369 0
1 184 0
0 184 102041
0 369 0
1 138 0
1 349 0
0 349 102041
0 138 0
1 349 0
1 138 0
0 138 102041
0 349 0
1 207 0
1 311 0
0 311 102041
0 207 0
1 311 0
1 207 0
0 207 102041
0 311 0
1 349 0
1 138 0
0 138 102041
0 349 0
1 349 0
1 138 0
0 138 102041
0 349 0
1 369 0
1 207 0
0 207 102041
0 369 0
1 207 0
1 369 0
0 369 102041
0 207 0
1 349 0
1 146 0
0 146 102041
0 349 0
1 349 0
1 146 0
0 146 102041
0 349 0
1 233 0
1 311 0
0 311 102041
0 233 0
1 311 0
1 233 0
0 233 102041
0 311 0
1 146 0
1 293 0
0 293 102041
0 146 0
1 293 0
1 146 0
0 146 102041
0 293 0
1 349 0
1 233 0
0 233 102041
0 349 0
1 233 0
1 349 0
0 349 102041
0 233 0
1 311 0
1 155 0
0 155 102041
0 311 0
1 155 0
1 311 0
0 311 102041
0 155 0
1 349 0
1 233 0
0 233 102041
0 349 0
1 349 0
1 233 0
0 233 102041
0 349 0
1 155 0
1 369 0
0 369 102041
0 155 0
1 155 0
1 369 0
0 369 102041
0 155 0
1 233 0
1 415 0
0 415 102041
0 233 0
1 415 0
1 233 0
0 233 102041
0 415 0
1 466 0
1 155 0
0 155 102041
0 466 0
1 155 0
0 155 102041
1 233 0
0 233 102041
1 466 0
1 233 0
0 233 102041
0 466 0
1 155 0
1 622 0
0 622 102041
0 155 0
1 155 0
1 622 0
0 622 102041
0 155 0
1 554 0
1 233 0
0 233 102041
0 554 0
1 233 0
1 554 0
0 554 102041
0 233 0
1 155 0
1 466 0
0 466 102041
0 155 0
1 155 0
0 155 102041
1 233 0
0 233 102041
1 233 0
1 466 0
0 466 102041
0 233 0
1 311 0
1 155 0
0 155 102041
0 311 0
1 155 0
0 155 102041
1 233 0
0 233 102041
1 311 0
1 233 0
0 233 102041
0 311 0
1 155 0
1 466 0
0 466 102041
0 155 0
1 466 0
1 155 0
0 155 102041
0 466 0
1 415 0
1 233 0
0 233 102041
0 415 0
1 415 0
1 233 0
0 233 102041
0 415 0
1 155 0
1 369 0
0 369 102041
0 155 0
1 155 0
1 369 0
0 369 102041
0 155 0
1 233 0
1 349 0
0 349 102041
0 233 0
1 233 0
1 349 0
0 349 102041
0 233 0
1 123 0
1 311 0
0 311 102041
0 123 0
1 311 0
1 123 0
0 123 102041
0 311 0
1 184 0
1 349 0
0 349 102041
0 184 0
1 349 0
1 184 0
0 184 102041
0 349 0
1 123 0
1 369 0
0 369 102041
0 123 0
1 123 0
1 369 0
0 369 102041
0 123 0
1 184 0
1 415 0
0 415 102041
0 184 0
1 415 0
1 184 0
0 184 102041
0 415 0
1 466 0
1 123 0
0 123 102041
0 466 0
1 123 0
0 123 102041
1 184 0
0 184 102041
1 184 0
1 466 0
0 466 102041
0 184 0
1 123 0
1 415 0
0 415 102041
0 123 0
1 123 0
1 415 0
0 415 102041
0 123 0
1 369 0
1 184 0
0 184 102041
0 369 0
1 184 0
1 369 0
0 369 102041
0 184 0
1 138 0
1 349 0
0 349 102041
0 138 0
1 138 0
0 138 102041
1 207 0
0 207 102041
1 207 0
1 349 0
0 349 102041
0 207 0
1 369 0
1 138 0
0 138 102041
0 369 0
1 138 0
0 138 102041
1 207 0
0 207 102041
1 207 0
1 369 0
0 369 102041
0 207 0
1 415 0
1 146 0
0 146 102041
0 415 0
1 146 0
0 146 102041
1 233 0
0 233 102041
1 233 0
1 415 0
0 415 102041
0 233 0
1 466 0
1 146 0
0 146 102041
0 466 0
1 146 0
0 146 102041
1 233 0
0 233 102041
1 233 0
1 466 0
0 466 102041
0 233 0
1 311 0
1 155 0
0 155 102041
0 311 0
1 311 0
1 155 0
0 155 102041
0 311 0
1 349 0
1 233 0
0 233 102041
0 349 0
1 349 0
1 233 0
0 233 102041
0 349 0
1 369 0
1 155 0
0 155 102041
0 369 0
1 369 0
1 155 0
0 155 102041
0 369 0
1 415 0
1 233 0
0 233 102041
0 415 0
1 415 0
1 233 0
0 233 102041
0 415 0
1 466 0
1 155 0
0 155 102041
0 466 0
1 155 0
0 155 102041
1 233 0
0 233 102041
1 233 0
1 466 0
0 466 102041
0 233 0
1 155 0
1 622 0
0 622 102041
0 155 0
1 622 0
1 155 0
0 155 102041
0 622 0
1 233 0
1 554 0
0 554 102041
0 233 0
1 554 0
1 233 0
0 233 102041
0 554 0
1 155 0
1 466 0
0 466 102041
0 155 0
1 155 0
0 155 102041
1 233 0
0 233 102041
1 466 0
1 233 0
0 233 102041
0 466 0
1 311 0
1 155 0
0 155 102041
0 311 0
1 155 0
0 155 102041
1 233 0
0 233 102041
1 311 0
1 233 0
0 233 102041
0 311 0
1 155 0
1 466 0
0 466 102041
0 155 0
1 466 0
1 155 0
0 155 102041
0 466 0
1 233 0
1 415 0
0 415 102041
0 233 0
1 233 0
1 415 0
0 415 102041
0 233 0
1 369 0
1 155 0
0 155 102041
0 369 0
1 155 0
1 369 0
0 369 102041
0 155 0
1 349 0
1 233 0
0 233 102041
0 349 0
1 233 0
1 349 0
0 349 102041
0 233 0
1 311 0
1 123 0
0 123 102041
0 311 0
1 311 0
1 123 0
0 123 102041
0 311 0
1 349 0
1 184 0
0 184 102041
0 349 0
1 184 0
1 349 0
0 349 102041
0 184 0
1 123 0
1 369 0
0 369 102041
0 123 0
1 369 0
1 123 0
0 123 102041
0 369 0
1 415 0
1 184 0
0 184 102041
0 415 0
1 415 0
1 184 0
0 184 102041
0 415 0
1 123 0
1 466 0
0 466 102041
0 123 0
1 123 0
0 123 102041
1 184 0
0 184 102041
1 184 0
1 466 0
0 466 102041
0 184 0
1 415 0
1 123 0
0 123 102041
0 415 0
1 123 0
1 415 0
0 415 102041
0 123 0
1 369 0
1 184 0
0 184 102041
0 369 0
1 369 0
1 184 0
0 184 102041
0 369 0
1 138 0
1 349 0
0 349 102041
0 138 0
1 349 0
1 138 0
0 138 102041
0 349 0
1 207 0
1 311 0
0 311 102041
0 207 0
1 207 0
1 311 0
0 311 102041
0 207 0
1 138 0
1 349 0
0 349 102041
0 138 0
1 138 0
1 349 0
0 349 102041
0 138 0
1 369 0
1 207 0
0 207 102041
0 369 0
1 369 0
1 207 0
0 207 102041
0 369 0
1 349 0
1 146 0
0 146 102041
0 349 0
1 349 0
1 146 0
0 146 102041
0 349 0
1 311 0
1 233 0
0 233 102041
0 311 0
1 311 0
1 233 0
0 233 102041
0 311 0
1 146 0
1 293 0
0 293 102041
0 146 0
1 293 0
1 146 0
0 146 102041
0 293 0
1 233 0
1 349 0
0 349 102041
0 233 0
1 233 0
1 349 0
0 349 102041
0 233 0
1 311 0
1 155 0
0 155 102041
0 311 0
1 311 0
1 155 0
0 155 102041
0 311 0
1 233 0
1 349 0
0 349 102041
0 233 0
1 233 0
1 349 0
0 349 102041
0 233 0
1 369 0
1 155 0
0 155 102041
0 369 0
1 155 0
1 369 0
0 369 102041
0 155 0
1 415 0
1 233 0
0 233 102041
0 415 0
1 415 0
1 233 0
0 233 102041
0 415 0
1 466 0
1 155 0
0 155 102041
0 466 0
1 155 0
0 155 102041
1 233 0
0 233 102041
1 233 0
1 466 0
0 466 102041
0 233 0
1 155 0
1 622 0
0 622 102041
0 155 0
1 155 0
1 622 0
0 622 102041
0 155 0
1 554 0
1 233 0
0 233 102041
0 554 0
1 233 0
1 554 0
0 554 102041
0 233 0
1 466 0
1 155 0
0 155 102041
0 466 0
1 155 0
0 155 102041
1 233 0
0 233 102041
1 233 0
1 466 0
0 466 102041
0 233 0
1 155 0
1 311 0
0 311 102041
0 155 0
1 155 0
0 155 102041
1 233 0
0 233 102041
1 311 0
1 233 0
0 233 102041
0 311 0
1 466 0
1 155 0
0 155 102041
0 466 0
1 155 0
1 466 0
0 466 102041
0 155 0
1 415 0
1 233 0
0 233 102041
0 415 0
1 415 0
1 233 0
0 233 102041
0 415 0
1 369 0
1 155 0
0 155 102041
0 369 0
1 369 0
1 155 0
0 155 102041
0 369 0
1 233 0
1 349 0
0 349 102041
0 233 0
1 233 0
1 349 0
0 349 102041
0 233 0
1 123 0
1 311 0
0 311 102041
0 123 0
1 123 0
1 311 0
0 311 102041
0 123 0
1 184 0
1 349 0
0 349 102041
0 184 0
1 349 0
1 184 0
0 184 102041
0 349 0
1 123 0
1 369 0
0 369 102041
0 123 0
1 369 0
1 123 0
0 123 102041
0 369 0
1 184 0
1 415 0
0 415 102041
0 184 0
1 184 0
1 415 0
0 415 102041
0 184 0
1 123 0
1 466 0
0 466 102041
0 123 0
1 123 0
0 123 102041
1 184 0
0 184 102041
1 184 0
1 466 0
0 466 102041
0 184 0
1 123 0
1 415 0
0 415 102041
0 123 0
1 415 0
1 123 0
0 123 102041
0 415 0
1 369 0
1 184 0
0 184 102041
0 369 0
1 369 0
1 184 0
0 184 102041
0 369 0
1 349 0
1 138 0
0 138 102041
0 349 0
1 138 0
0 138 102041
1 207 0
0 207 102041
1 207 0
1 349 0
0 349 102041
0 207 0
1 138 0
1 369 0
0 369 102041
0 138 0
1 138 0
0 138 102041
1 207 0
0 207 102041
1 207 0
1 369 0
0 369 102041
0 207 0
1 146 0
1 415 0
0 415 102041
0 146 0
1 146 0
0 146 102041
1 233 0
0 233 102041
1 233 0
1 415 0
0 415 102041
0 233 0
1 466 0
1 146 0
0 146 102041
0 466 0
1 146 0
0 146 102041
1 233 0
0 233 102041
1 233 0
1 466 0
0 466 102041
0 233 0
1 123 0
1 554 0
0 554 102041
0 123 0
1 554 0
1 123 0
0 123 102041
0 554 0
1 622 0
1 184 0
0 184 102041
0 622 0
1 622 0
1 184 0
0 184 102041
0 622 0
1 466 0
1 123 0
0 123 102041
0 466 0
1 123 0
1 466 0
0 466 102041
0 123 0
1 184 0
1 415 0
0 415 102041
0 184 0
1 184 0
1 415 0
0 415 102041
0 184 0
1 466 0
1 123 0
0 123 102041
0 466 0
1 123 0
0 123 102041
1 184 0
0 184 102041
1 184 0
1 466 0
0 466 102041
0 184 0
1 415 0
1 123 0
0 123 102041
0 415 0
1 123 0
1 415 0
0 415 102041
0 123 0
1 466 0
1 184 0
0 184 102041
0 466 0
1 184 0
1 466 0
0 466 102041
0 184 0
1 138 0
1 554 0
0 554 102041
0 138 0
1 554 0
1 138 0
0 138 102041
0 554 0
1 207 0
1 622 0
0 622 102041
0 207 0
1 622 0
1 207 0
0 207 102041
0 622 0
1 138 0
1 466 0
0 466 102041
0 138 0
1 138 0
1 466 0
0 466 102041
0 138 0
1 415 0
1 207 0
0 207 102041
0 415 0
1 207 0
1 415 0
0 415 102041
0 207 0
1 138 0
1 466 0
0 466 102041
0 138 0
1 138 0
0 138 102041
1 207 0
0 207 102041
1 207 0
1 466 0
0 466 102041
0 207 0
1 138 0
1 415 0
0 415 102041
0 138 0
1 138 0
1 415 0
0 415 102041
0 138 0
1 466 0
1 207 0
0 207 102041
0 466 0
1 207 0
1 466 0
0 466 102041
0 207 0
1 415 0
1 155 0
0 155 102041
0 415 0
1 155 0
1 415 0
0 415 102041
0 155 0
1 233 0
1 369 0
0 369 102041
0 233 0
1 369 0
1 233 0
0 233 102041
0 369 0
1 155 0
1 349 0
0 349 102041
0 155 0
1 349 0
1 155 0
0 155 102041
0 349 0
1 277 0
1 233 0
0 233 102041
0 277 0
1 233 0
1 277 0
0 277 102041
0 233 0
1 155 0
1 311 0
0 311 102041
0 155 0
1 155 0
0 155 102041
1 233 0
0 233 102041
1 233 0
1 311 0
0 311 102041
0 233 0
1 155 0
1 277 0
0 277 102041
0 155 0
1 277 0
1 155 0
0 155 102041
0 277 0
1 233 0
1 311 0
0 311 102041
0 233 0
1 233 0
1 311 0
0 311 102041
0 233 0
1 349 0
1 155 0
0 155 102041
0 349 0
1 349 0
1 155 0
0 155 102041
0 349 0
1 369 0
1 233 0
0 233 102041
0 369 0
1 369 0
1 233 0
0 233 102041
0 369 0
1 415 0
1 155 0
0 155 102041
0 415 0
1 415 0
1 155 0
0 155 102041
0 415 0
1 466 0
1 233 0
0 233 102041
0 466 0
1 233 0
1 466 0
0 466 102041
0 233 0
1 155 0
1 311 0
0 311 102041
0 155 0
1 155 0
0 155 102041
1 233 0
0 233 102041
1 233 0
1 311 0
0 311 102041
0 233 0
1 155 0
1 466 0
0 466 102041
0 155 0
1 466 0
1 155 0
0 155 102041
0 466 0
1 233 0
1 554 0
0 554 102041
0 233 0
1 554 0
1 233 0
0 233 102041
0 554 0
1 554 0
1 123 0
0 123 102041
0 554 0
1 123 0
1 554 0
0 554 102041
0 123 0
1 622 0
1 184 0
0 184 102041
0 622 0
1 622 0
1 184 0
0 184 102041
0 622 0
1 466 0
1 123 0
0 123 102041
0 466 0
1 123 0
1 466 0
0 466 102041
0 123 0
1 184 0
1 415 0
0 415 102041
0 184 0
1 184 0
1 415 0
0 415 102041
0 184 0
1 123 0
1 466 0
0 466 102041
0 123 0
1 123 0
0 123 102041
1 184 0
0 184 102041
1 466 0
1 184 0
0 184 102041
0 466 0
1 123 0
1 415 0
0 415 102041
0 123 0
1 415 0
1 123 0
0 123 102041
0 415 0
1 466 0
1 184 0
0 184 102041
0 466 0
1 466 0
1 184 0
0 184 102041
0 466 0
1 138 0
1 554 0
0 554 102041
0 138 0
1 554 0
1 138 0
0 138 102041
0 554 0
1 207 0
1 622 0
0 622 102041
0 207 0
1 207 0
1 622 0
0 622 102041
0 207 0
1 138 0
1 466 0
0 466 102041
0 138 0
1 138 0
1 466 0
0 466 102041
0 138 0
1 415 0
1 207 0
0 207 102041
0 415 0
1 207 0
1 415 0
0 415 102041
0 207 0
1 138 0
1 466 0
0 466 102041
0 138 0
1 138 0
0 138 102041
1 207 0
0 207 102041
1 466 0
1 207 0
0 207 102041
0 466 0
1 415 0
1 138 0
0 138 102041
0 415 0
1 415 0
1 138 0
0 138 102041
0 415 0
1 207 0
1 466 0
0 466 102041
0 207 0
1 207 0
1 466 0
0 466 102041
0 207 0
1 155 0
1 415 0
0 415 102041
0 155 0
1 155 0
1 415 0
0 415 102041
0 155 0
1 369 0
1 233 0
0 233 102041
0 369 0
1 233 0
1 369 0
0 369 102041
0 233 0
1 349 0
1 155 0
0 155 102041
0 349 0
1 155 0
1 349 0
0 349 102041
0 155 0
1 277 0
1 233 0
0 233 102041
0 277 0
1 277 0
1 233 0
0 233 102041
0 277 0
1 155 0
1 311 0
0 311 102041
0 155 0
1 155 0
0 155 102041
1 233 0
0 233 102041
1 233 0
1 311 0
0 311 102041
0 233 0
1 155 0
1 277 0
0 277 102041
0 155 0
1 155 0
1 277 0
0 277 102041
0 155 0
1 311 0
1 233 0
0 233 102041
0 311 0
1 311 0
1 233 0
0 233 102041
0 311 0
1 349 0
1 155 0
0 155 102041
0 349 0
1 155 0
1 349 0
0 349 102041
0 155 0
1 369 0
1 233 0
0 233 102041
0 369 0
1 369 0
1 233 0
0 233 102041
0 369 0
1 415 0
1 155 0
0 155 102041
0 415 0
1 415 0
1 155 0
0 155 102041
0 415 0
1 233 0
1 466 0
0 466 102041
0 233 0
1 233 0
1 466 0
0 466 102041
0 233 0
1 155 0
1 311 0
0 311 102041
0 155 0
1 155 0
0 155 102041
1 233 0
0 233 102041
1 311 0
1 233 0
0 233 102041
0 311 0
1 466 0
1 155 0
0 155 102041
0 466 0
1 466 0
1 155 0
0 155 102041
0 466 0
1 233 0
1 554 0
0 554 102041
0 233 0
1 233 0
1 554 0
0 554 102041
0 233 0
1 554 0
1 123 0
0 123 102041
0 554 0
1 123 0
1 554 0
0 554 102041
0 123 0
1 184 0
1 622 0
0 622 102041
0 184 0
1 184 0
1 622 0
0 622 102041
0 184 0
1 123 0
1 466 0
0 466 102041
0 123 0
1 466 0
1 123 0
0 123 102041
0 466 0
1 415 0
1 184 0
0 184 102041
0 415 0
1 184 0
1 415 0
0 415 102041
0 184 0
1 466 0
1 123 0
0 123 102041
0 466 0
1 123 0
0 123 102041
1 184 0
0 184 102041
1 184 0
1 466 0
0 466 102041
0 184 0
1 415 0
1 123 0
0 123 102041
0 415 0
1 123 0
1 415 0
0 415 102041
0 123 0
1 184 0
1 466 0
0 466 102041
0 184 0
1 184 0
1 466 0
0 466 102041
0 184 0
1 554 0
1 138 0
0 138 102041
0 554 0
1 554 0
1 138 0
0 138 102041
0 554 0
1 207 0
1 622 0
0 622 102041
0 207 0
1 622 0
1 207 0
0 207 102041
0 622 0
1 138 0
1 466 0
0 466 102041
0 138 0
1 466 0
1 138 0
0 138 102041
0 466 0
1 415 0
1 207 0
0 207 102041
0 415 0
1 415 0
1 207 0
0 207 102041
0 415 0
1 138 0
1 466 0
0 466 102041
0 138 0
1 138 0
0 138 102041
1 207 0
0 207 102041
1 466 0
1 207 0
0 207 102041
0 466 0
1 138 0
1 415 0
0 415 102041
0 138 0
1 138 0
1 415 0
0 415 102041
0 138 0
1 207 0
1 466 0
0 466 102041
0 207 0
1 207 0
1 466 0
0 466 102041
0 207 0
1 155 0
1 415 0
0 415 102041
0 155 0
1 155 0
1 415 0
0 415 102041
0 155 0
1 233 0
1 369 0
0 369 102041
0 233 0
1 233 0
1 369 0
0 369 102041
0 233 0
1 349 0
1 155 0
0 155 102041
0 349 0
1 349 0
1 155 0
0 155 102041
0 349 0
1 233 0
1 277 0
0 277 102041
0 233 0
1 277 0
1 233 0
0 233 102041
0 277 0
1 311 0
1 155 0
0 155 102041
0 311 0
1 155 0
0 155 102041
1 233 0
0 233 102041
1 311 0
1 233 0
0 233 102041
0 311 0
1 155 0
1 277 0
0 277 102041
0 155 0
1 155 0
1 277 0
0 277 102041
0 155 0
1 311 0
1 233 0
0 233 102041
0 311 0
1 233 0
1 311 0
0 311 102041
0 233 0
1 349 0
1 155 0
0 155 102041
0 349 0
1 155 0
1 349 0
0 349 102041
0 155 0
1 369 0
1 233 0
0 233 102041
0 369 0
1 233 0
1 369 0
0 369 102041
0 233 0
1 415 0
1 155 0
0 155 102041
0 415 0
1 415 0
1 155 0
0 155 102041
0 415 0
1 466 0
1 233 0
0 233 102041
0 466 0
1 466 0
1 233 0
0 233 102041
0 466 0
1 311 0
1 155 0
0 155 102041
0 311 0
1 155 0
0 155 102041
1 233 0
0 233 102041
1 311 0
1 233 0
0 233 102041
0 311 0
1 466 0
1 155 0
0 155 102041
0 466 0
1 155 0
1 466 0
0 466 102041
0 155 0
1 233 0
1 554 0
0 554 102041
0 233 0
1 233 0
1 554 0
0 554 102041
0 233 0
1 554 0
1 123 0
0 123 102041
0 554 0
1 123 0
1 554 0
0 554 102041
0 123 0
1 184 0
1 622 0
0 622 102041
0 184 0
1 184 0
1 622 0
0 622 102041
0 184 0
1 123 0
1 466 0
0 466 102041
0 123 0
1 466 0
1 123 0
0 123 102041
0 466 0
1 184 0
1 415 0
0 415 102041
0 184 0
1 415 0
1 184 0
0 184 102041
0 415 0
1 466 0
1 123 0
0 123 102041
0 466 0
1 123 0
0 123 102041
1 184 0
0 184 102041
1 466 0
1 184 0
0 184 102041
0 466 0
1 123 0
1 415 0
0 415 102041
0 123 0
1 415 0
1 123 0
0 123 102041
0 415 0
1 466 0
1 184 0
0 184 102041
0 466 0
1 184 0
1 466 0
0 466 102041
0 184 0
1 554 0
1 138 0
0 138 102041
0 554 0
1 554 0
1 138 0
0 138 102041
0 554 0
1 622 0
1 207 0
0 207 102041
0 622 0
1 622 0
1 207 0
0 207 102041
0 622 0
1 466 0
1 138 0
0 138 102041
0 466 0
1 138 0
1 466 0
0 466 102041
0 138 0
1 207 0
1 415 0
0 415 102041
0 207 0
1 207 0
1 415 0
0 415 102041
0 207 0
1 466 0
1 138 0
0 138 102041
0 466 0
1 138 0
0 138 102041
1 207 0
0 207 102041
1 466 0
1 207 0
0 207 102041
0 466 0
1 138 0
1 622 0
0 622 102041
0 138 0
1 138 0
1 622 0
0 622 102041
0 138 0
1 207 0
1 698 0
0 698 102041
0 207 0
1 207 0
1 698 0
0 698 102041
0 207 0
1 739 0
1 155 0
0 155 102041
0 739 0
1 155 0
1 739 0
0 739 102041
0 155 0
1 233 0
1 698 0
0 698 102041
0 233 0
1 698 0
1 233 0
0 233 102041
0 698 0
1 622 0
1 155 0
0 155 102041
0 622 0
1 155 0
1 622 0
0 622 102041
0 155 0
1 233 0
1 554 0
0 554 102041
0 233 0
1 554 0
1 233 0
0 233 102041
0 554 0
1 155 0
1 466 0
0 466 102041
0 155 0
1 155 0
0 155 102041
1 233 0
0 233 102041
1 466 0
1 233 0
0 233 102041
0 466 0
1 415 0
1 155 0
0 155 102041
0 415 0
1 415 0
1 155 0
0 155 102041
0 415 0
1 466 0
1 233 0
0 233 102041
0 466 0
1 233 0
1 466 0
0 466 102041
0 233 0
1 415 0
1 155 0
0 155 102041
0 415 0
1 415 0
1 155 0
0 155 102041
0 415 0
1 233 0
1 369 0
0 369 102041
0 233 0
1 233 0
1 369 0
0 369 102041
0 233 0
1 155 0
1 349 0
0 349 102041
0 155 0
1 349 0
1 155 0
0 155 102041
0 349 0
1 277 0
1 233 0
0 233 102041
0 277 0
1 233 0
1 277 0
0 277 102041
0 233 0
1 311 0
1 155 0
0 155 102041
0 311 0
1 155 0
0 155 102041
1 233 0
0 233 102041
1 311 0
1 233 0
0 233 102041
0 311 0
1 466 0
1 155 0
0 155 102041
0 466 0
1 466 0
1 155 0
0 155 102041
0 466 0
1 554 0
1 233 0
0 233 102041
0 554 0
1 233 0
1 554 0
0 554 102041
0 233 0
1 123 0
1 184 0
1 554 0
0 184 102041
0 123 0
0 554 102041
1 622 0
0 622 204082
1 466 0
0 466 204082
1 415 0
0 415 204082
1 466 0
0 466 102041
1 466 204082
0 466 102041
1 415 0
0 415 204082
1 466 0
1 123 102041
1 184 0
0 466 102041
0 184 0
0 123 0
1 138 0
1 207 0
1 554 0
0 207 102041
0 138 0
0 554 102041
1 622 0
0 622 204082
1 466 0
0 466 204082
1 415 0
0 415 204082
1 466 0
0 466 102041
1 466 204082
0 466 102041
1 415 0
0 415 204082
1 466 0
1 207 102041
1 138 0
0 466 102041
0 138 0
0 207 0
1 155 0
1 233 0
1 415 0
0 233 102041
0 155 0
0 415 102041
1 369 0
0 369 204082
1 349 0
0 349 204082
1 277 0
0 277 204082
1 311 0
0 311 102041
1 311 204082
0 311 102041
1 277 0
0 277 204082
1 311 0
1 233 102041
1 155 0
0 311 102041
0 155 0
0 233 0
1 233 0
1 155 0
1 349 0
0 155 102041
0 233 0
0 349 102041
1 369 0
0 369 204082
1 415 0
0 415 204082
1 466 0
0 466 204082
1 311 0
0 311 102041
1 311 204082
0 311 102041
1 466 0
0 466 204082
1 554 0
1 155 102041
1 233 0
0 554 102041
0 233 0
0 155 0
1 184 0
1 123 0
1 554 0
0 123 102041
0 184 0
0 554 102041
1 622 0
0 622 204082
1 466 0
0 466 204082
1 415 0
0 415 204082
1 466 0
0 466 102041
1 466 204082
0 466 102041
1 415 0
0 415 204082
1 466 0
1 123 102041
1 184 0
0 466 102041
0 184 0
0 123 0
1 138 0
1 207 0
1 554 0
0 207 102041
0 138 0
0 554 102041
1 622 0
0 622 204082
1 466 0
0 466 204082
1 415 0
0 415 204082
1 466 0
0 466 102041
1 466 204082
0 466 102041
1 415 0
0 415 204082
1 466 0
1 138 102041
1 207 0
0 466 102041
0 207 0
0 138 0
1 155 0
1 233 0
1 415 0
0 233 102041
0 155 0
0 415 102041
1 369 0
0 369 204082
1 349 0
0 349 204082
1 277 0
0 277 204082
1 311 0
0 311 102041
1 311 204082
0 311 102041
1 277 0
0 277 204082
1 311 0
1 233 102041
1 155 0
0 311 102041
0 155 0
0 233 0
1 233 0
1 155 0
1 349 0
0 155 102041
0 233 0
0 349 102041
1 369 0
0 369 204082
1 415 0
0 415 204082
1 466 0
0 466 204082
1 311 0
0 311 102041
1 311 204082
0 311 102041
1 466 0
0 466 204082
1 554 0
1 233 102041
1 155 0
0 554 102041
0 155 0
0 233 0
1 184 0
1 123 0
1 554 0
0 123 102041
0 184 0
0 554 102041
1 622 0
0 622 204082
1 466 0
0 466 204082
1 415 0
0 415 204082
1 466 0
0 466 102041
1 466 204082
0 466 102041
1 415 0
0 415 204082
1 466 0
1 123 102041
1 184 0
0 466 102041
0 184 0
0 123 0
1 138 0
1 207 0
1 554 0
0 207 102041
0 138 0
0 554 102041
1 622 0
0 622 204082
1 466 0
0 466 204082
1 415 0
0 415 204082
1 466 0
0 466 102041
1 466 204082
0 466 102041
1 415 0
0 415 204082
1 466 0
1 207 102041
1 138 0
0 466 102041
0 138 0
0 207 0
1 233 0
1 155 0
1 415 0
0 155 102041
0 233 0
0 415 102041
1 369 0
0 369 204082
1 349 0
0 349 204082
1 277 0
0 277 204082
1 311 0
0 311 102041
1 311 204082
0 311 102041
1 277 0
0 277 204082
1 311 0
1 155 102041
1 233 0
0 311 102041
0 233 0
0 155 0
1 233 0
1 155 0
1 349 0
0 155 102041
0 233 0
0 349 102041
1 369 0
0 369 204082
1 415 0
0 415 204082
1 466 0
0 466 204082
1 311 0
0 311 102041
1 311 204082
0 311 102041
1 466 0
0 466 204082
1 554 0
1 155 102041
1 233 0
0 554 102041
0 233 0
0 155 0
1 123 0
1 184 0
1 554 0
0 184 102041
0 123 0
0 554 102041
1 622 0
0 622 204082
1 466 0
0 466 204082
1 415 0
0 415 204082
1 466 0
0 466 102041
1 466 204082
0 466 102041
1 415 0
0 415 204082
1 466 0
1 123 102041
1 184 0
0 466 102041
0 184 0
0 123 0
1 207 0
1 138 0
1 554 0
0 138 102041
0 207 0
0 554 102041
1 622 0
0 622 204082
1 466 0
0 466 204082
1 415 0
0 415 204082
1 466 0
0 466 102041
1 466 204082
0 466 102041
1 622 0
0 622 204082
1 698 0
1 207 102041
1 138 0
0 698 102041
0 138 0
0 207 0
1 155 0
1 233 0
1 739 0
0 233 102041
0 155 0
0 739 102041
1 698 0
0 698 204082
1 622 0
0 622 204082
1 554 0
0 554 204082
1 466 0
0 466 102041
1 466 204082
0 466 102041
1 415 0
0 415 204082
1 466 0
1 233 102041
1 155 0
0 466 102041
0 155 0
0 233 0
1 415 0
0 415 204082
1 369 0
0 369 204082
1 349 0
0 349 204082
1 277 0
0 277 204082
1 311 0
1 207 0
0 207 102041
0 311 0
1 207 204082
1 311 0
0 311 102041
0 207 0
1 184 0
0 184 102041
1 184 204082
0 184 102041
1 311 0
1 155 0
0 155 102041
0 311 0
1 155 102041
1 311 0
0 311 102041
0 155 0
1 311 0
1 155 0
0 155 102041
0 311 0
1 155 102041
1 311 0
0 311 102041
0 155 0
1 116 0
1 233 0
0 233 102041
0 116 0
1 138 0
1 277 0
0 277 102041
0 138 0
1 311 0
1 155 0
0 155 102041
0 311 0
1 311 102041
1 155 0
0 155 102041
0 311 0
1 155 0
1 311 0
0 311 102041
0 155 0
1 311 102041
1 155 0
0 155 102041
0 311 0
1 116 0
1 233 0
0 233 102041
0 116 0
1 138 0
1 277 0
0 277 102041
0 138 0
1 155 0
1 311 0
0 311 102041
0 155 0
1 311 102041
1 155 0
0 155 102041
0 311 0
1 311 0
1 155 0
0 155 102041
0 311 0
1 311 102041
1 155 0
0 155 102041
0 311 0
1 116 0
1 233 0
0 233 102041
0 116 0
1 277 0
1 138 0
0 138 102041
0 277 0
1 311 0
1 155 0
0 155 102041
0 311 0
1 311 0
1 155 0
0 155 102041
0 311 0
1 277 0
1 138 0
0 138 102041
0 277 0
1 311 0
1 155 0
1 311 0
0 311 102041
0 155 0
0 311 0
1 207 0
1 415 0
0 415 102041
0 207 0
1 415 0
1 207 0
0 207 102041
0 415 0
1 184 0
1 369 0
0 369 102041
0 184 0
1 207 0
1 415 0
0 415 102041
0 207 0
1 155 0
1 311 0
0 311 102041
0 155 0
1 155 102041
1 311 0
0 311 102041
0 155 0
1 155 0
1 311 0
0 311 102041
0 155 0
1 311 102041
1 155 0
0 155 102041
0 311 0
1 116 0
1 233 0
0 233 102041
0 116 0
1 138 0
1 277 0
0 277 102041
0 138 0
1 311 0
1 155 0
0 155 102041
0 311 0
1 311 102041
1 155 0
0 155 102041
0 311 0
1 311 0
1 155 0
0 155 102041
0 311 0
1 155 102041
1 311 0
0 311 102041
0 155 0
1 116 0
1 233 0
0 233 102041
0 116 0
1 138 0
1 277 0
0 277 102041
0 138 0
1 155 0
1 311 0
0 311 102041
0 155 0
1 155 102041
1 311 0
0 311 102041
0 155 0
1 155 0
1 311 0
0 311 102041
0 155 0
1 155 102041
1 311 0
0 311 102041
0 155 0
1 233 0
1 116 0
0 116 102041
0 233 0
1 277 0
1 138 0
0 138 102041
0 277 0
1 415 0
1 207 0
0 207 102041
0 415 0
1 415 0
1 207 0
0 207 102041
0 415 0
1 369 0
1 184 0
0 184 102041
0 369 0
1 207 0
1 415 0
0 415 102041
0 207 0
1 369 0
1 184 0
0 184 102041
0 369 0
1 369 0
1 184 0
0 184 102041
0 369 0
1 174 0
1 349 0
0 349 102041
0 174 0
1 369 0
1 184 0
0 184 102041
0 369 0
1 155 0
1 311 0
0 311 102041
0 155 0
1 311 102041
1 155 0
0 155 102041
0 311 0
1 311 0
1 155 0
0 155 102041
0 311 0
1 155 102041
1 311 0
0 311 102041
0 155 0
1 116 0
1 233 0
0 233 102041
0 116 0
1 138 0
1 277 0
0 277 102041
0 138 0
1 155 0
1 311 0
0 311 102041
0 155 0
1 155 102041
1 311 0
0 311 102041
0 155 0
1 311 0
1 155 0
0 155 102041
0 311 0
1 155 102041
1 311 0
0 311 102041
0 155 0
1 233 0
1 116 0
0 116 102041
0 233 0
1 277 0
1 138 0
0 138 102041
0 277 0
1 155 0
1 311 0
0 311 102041
0 155 0
1 155 102041
1 311 0
0 311 102041
0 155 0
1 155 0
1 311 0
0 311 102041
0 155 0
1 155 102041
1 311 0
0 311 102041
0 155 0
1 116 0
1 233 0
0 233 102041
0 116 0
1 277 0
1 138 0
0 138 102041
0 277 0
1 311 0
1 155 0
0 155 102041
0 311 0
1 311 0
1 155 0
0 155 102041
0 311 0
1 138 0
1 277 0
0 277 102041
0 138 0
1 155 0
1 311 0
0 311 102041
0 155 0
1 415 0
1 207 0
0 207 102041
0 415 0
1 415 0
1 207 0
0 207 102041
0 415 0
1 184 0
1 369 0
0 369 102041
0 184 0
1 207 0
1 415 0
0 415 102041
0 207 0
1 155 0
1 311 0
0 311 102041
0 155 0
1 311 102041
1 155 0
0 155 102041
0 311 0
1 311 0
1 155 0
0 155 102041
0 311 0
1 155 102041
1 311 0
0 311 102041
0 155 0
1 233 0
1 116 0
0 116 102041
0 233 0
1 138 0
1 277 0
0 277 102041
0 138 0
1 311 0
1 155 0
0 155 102041
0 311 0
1 311 102041
1 155 0
0 155 102041
0 311 0
1 311 0
1 155 0
0 155 102041
0 311 0
1 311 102041
1 155 0
0 155 102041
0 311 0
1 233 0
1 116 0
0 116 102041
0 233 0
1 277 0
1 138 0
0 138 102041
0 277 0
1 311 0
1 155 0
0 155 102041
0 311 0
1 155 102041
1 311 0
0 311 102041
0 155 0
1 155 0
1 311 0
0 311 102041
0 155 0
1 155 102041
1 311 0
0 311 102041
0 155 0
1 116 0
1 233 0
0 233 102041
0 116 0
1 138 0
1 277 0
0 277 102041
0 138 0
1 415 0
1 207 0
0 207 102041
0 415 0
1 415 0
1 207 0
0 207 102041
0 415 0
1 184 0
1 369 0
0 369 102041
0 184 0
1 415 0
1 207 0
0 207 102041
0 415 0
1 369 0
1 184 0
0 184 102041
0 369 0
1 369 0
1 184 0
0 184 102041
0 369 0
1 349 0
1 174 0
0 174 102041
0 349 0
1 184 0
1 369 0
0 369 102041
0 184 0
1 155 0
1 311 0
0 311 102041
0 155 0
1 311 0
1 155 0
0 155 102041
0 311 0
1 233 0
1 349 0
0 349 102041
0 233 0
1 233 0
1 349 0
0 349 102041
0 233 0
1 155 0
1 369 0
0 369 102041
0 155 0
1 155 0
1 369 0
0 369 102041
0 155 0
1 415 0
1 233 0
0 233 102041
0 415 0
1 415 0
1 233 0
0 233 102041
0 415 0
1 466 0
1 155 0
0 155 102041
0 466 0
1 155 0
0 155 102041
1 233 0
0 233 102041
1 233 0
1 466 0
0 466 102041
0 233 0
1 622 0
1 155 0
0 155 102041
0 622 0
1 155 0
1 622 0
0 622 102041
0 155 0
1 233 0
1 554 0
0 554 102041
0 233 0
1 554 0
1 233 0
0 233 102041
0 554 0
1 155 0
1 466 0
0 466 102041
0 155 0
1 155 0
0 155 102041
1 233 0
0 233 102041
1 466 0
1 233 0
0 233 102041
0 466 0
1 311 0
1 155 0
0 155 102041
0 311 0
1 155 0
0 155 102041
1 233 0
0 233 102041
1 233 0
1 311 0
0 311 102041
0 233 0
1 155 0
1 466 0
0 466 102041
0 155 0
1 466 0
1 155 0
0 155 102041
0 466 0
1 415 0
1 233 0
0 233 102041
0 415 0
1 415 0
1 233 0
0 233 102041
0 415 0
1 155 0
1 369 0
0 369 102041
0 155 0
1 369 0
1 155 0
0 155 102041
0 369 0
1 349 0
1 233 0
0 233 102041
0 349 0
1 349 0
1 233 0
0 233 102041
0 349 0
1 311 0
1 123 0
0 123 102041
0 311 0
1 123 0
1 311 0
0 311 102041
0 123 0
1 184 0
1 349 0
0 349 102041
0 184 0
1 184 0
1 349 0
0 349 102041
0 184 0
1 123 0
1 369 0
0 369 102041
0 123 0
1 123 0
1 369 0
0 369 102041
0 123 0
1 184 0
1 415 0
0 415 102041
0 184 0
1 415 0
1 184 0
0 184 102041
0 415 0
1 123 0
1 466 0
0 466 102041
0 123 0
1 123 0
0 123 102041
1 184 0
0 184 102041
1 466 0
1 184 0
0 184 102041
0 466 0
1 415 0
1 123 0
0 123 102041
0 415 0
1 123 0
1 415 0
0 415 102041
0 123 0
1 369 0
1 184 0
0 184 102041
0 369 0
1 369 0
1 184 0
0 184 102041
0 369 0
1 349 0
1 138 0
0 138 102041
0 349 0
1 138 0
1 349 0
0 349 102041
0 138 0
1 207 0
1 311 0
0 311 102041
0 207 0
1 207 0
1 311 0
0 311 102041
0 207 0
1 349 0
1 138 0
0 138 102041
0 349 0
1 138 0
1 349 0
0 349 102041
0 138 0
1 207 0
1 369 0
0 369 102041
0 207 0
1 207 0
1 369 0
0 369 102041
0 207 0
1 349 0
1 146 0
0 146 102041
0 349 0
1 349 0
1 146 0
0 146 102041
0 349 0
1 311 0
1 233 0
0 233 102041
0 311 0
1 311 0
1 233 0
0 233 102041
0 311 0
1 293 0
1 146 0
0 146 102041
0 293 0
1 293 0
1 146 0
0 146 102041
0 293 0
1 233 0
1 349 0
0 349 102041
0 233 0
1 349 0
1 233 0
0 233 102041
0 349 0
1 155 0
1 311 0
0 311 102041
0 155 0
1 311 0
1 155 0
0 155 102041
0 311 0
1 349 0
1 233 0
0 233 102041
0 349 0
1 349 0
1 233 0
0 233 102041
0 349 0
1 369 0
1 155 0
0 155 102041
0 369 0
1 369 0
1 155 0
0 155 102041
0 369 0
1 415 0
1 233 0
0 233 102041
0 415 0
1 233 0
1 415 0
0 415 102041
0 233 0
1 466 0
1 155 0
0 155 102041
0 466 0
1 155 0
0 155 102041
1 233 0
0 233 102041
1 233 0
1 466 0
0 466 102041
0 233 0
1 622 0
1 155 0
0 155 102041
0 622 0
1 622 0
1 155 0
0 155 102041
0 622 0
1 233 0
1 554 0
0 554 102041
0 233 0
1 233 0
1 554 0
0 554 102041
0 233 0
1 155 0
1 466 0
0 466 102041
0 155 0
1 155 0
0 155 102041
1 233 0
0 233 102041
1 466 0
1 233 0
0 233 102041
0 466 0
1 311 0
1 155 0
0 155 102041
0 311 0
1 155 0
0 155 102041
1 233 0
0 233 102041
1 311 0
1 233 0
0 233 102041
0 311 0
1 155 0
1 466 0
0 466 102041
0 155 0
1 155 0
1 466 0
0 466 102041
0 155 0
1 233 0
1 415 0
0 415 102041
0 233 0
1 233 0
1 415 0
0 415 102041
0 233 0
1 155 0
1 369 0
0 369 102041
0 155 0
1 369 0
1 155 0
0 155 102041
0 369 0
1 233 0
1 349 0
0 349 102041
0 233 0
1 233 0
1 349 0
0 349 102041
0 233 0
1 123 0
1 311 0
0 311 102041
0 123 0
1 123 0
1 311 0
0 311 102041
0 123 0
1 184 0
1 349 0
0 349 102041
0 184 0
1 184 0
1 349 0
0 349 102041
0 184 0
1 369 0
1 123 0
0 123 102041
0 369 0
1 369 0
1 123 0
0 123 102041
0 369 0
1 415 0
1 184 0
0 184 102041
0 415 0
1 184 0
1 415 0
0 415 102041
0 184 0
1 466 0
1 123 0
0 123 102041
0 466 0
1 123 0
0 123 102041
1 184 0
0 184 102041
1 184 0
1 466 0
0 466 102041
0 184 0
1 123 0
1 415 0
0 415 102041
0 123 0
1 415 0
1 123 0
0 123 102041
0 415 0
1 369 0
1 184 0
0 184 102041
0 369 0
1 369 0
1 184 0
0 184 102041
0 369 0
1 138 0
1 349 0
0 349 102041
0 138 0
1 138 0
0 138 102041
1 207 0
0 207 102041
1 349 0
1 207 0
0 207 102041
0 349 0
1 369 0
1 138 0
0 138 102041
0 369 0
1 138 0
0 138 102041
1 207 0
0 207 102041
1 207 0
1 369 0
0 369 102041
0 207 0
1 415 0
1 146 0
0 146 102041
0 415 0
1 146 0
0 146 102041
1 233 0
0 233 102041
1 415 0
1 233 0
0 233 102041
0 415 0
1 466 0
1 146 0
0 146 102041
0 466 0
1 146 0
0 146 102041
1 233 0
0 233 102041
1 466 0
1 233 0
0 233 102041
0 466 0
1 311 0
1 155 0
0 155 102041
0 311 0
1 155 0
1 311 0
0 311 102041
0 155 0
1 349 0
1 233 0
0 233 102041
0 349 0
1 233 0
1 349 0
0 349 102041
0 233 0
1 155 0
1 369 0
0 369 102041
0 155 0
1 155 0
1 369 0
0 369 102041
0 155 0
1 233 0
1 415 0
0 415 102041
0 233 0
1 233 0
1 415 0
0 415 102041
0 233 0
1 155 0
1 466 0
0 466 102041
0 155 0
1 155 0
0 155 102041
1 233 0
0 233 102041
1 466 0
1 233 0
0 233 102041
0 466 0
1 622 0
1 155 0
0 155 102041
0 622 0
1 622 0
1 155 0
0 155 102041
0 622 0
1 233 0
1 554 0
0 554 102041
0 233 0
1 233 0
1 554 0
0 554 102041
0 233 0
1 155 0
1 466 0
0 466 102041
0 155 0
1 155 0
0 155 102041
1 233 0
0 233 102041
1 233 0
1 466 0
0 466 102041
0 233 0
1 311 0
1 155 0
0 155 102041
0 311 0
1 155 0
0 155 102041
1 233 0
0 233 102041
1 311 0
1 233 0
0 233 102041
0 311 0
1 155 0
1 466 0
0 466 102041
0 155 0
1 155 0
1 466 0
0 466 102041
0 155 0
1 415 0
1 233 0
0 233 102041
0 415 0
1 415 0
1 233 0
0 233 102041
0 415 0
1 369 0
1 155 0
0 155 102041
0 369 0
1 155 0
1 369 0
0 369 102041
0 155 0
1 349 0
1 233 0
0 233 102041
0 349 0
1 233 0
1 349 0
0 349 102041
0 233 0
1 123 0
1 311 0
0 311 102041
0 123 0
1 311 0
1 123 0
0 123 102041
0 311 0
1 184 0
1 349 0
0 349 102041
0 184 0
1 184 0
1 349 0
0 349 102041
0 184 0
1 123 0
1 369 0
0 369 102041
0 123 0
1 123 0
1 369 0
0 369 102041
0 123 0
1 415 0
1 184 0
0 184 102041
0 415 0
1 415 0
1 184 0
0 184 102041
0 415 0
1 466 0
1 123 0
0 123 102041
0 466 0
1 123 0
0 123 102041
1 184 0
0 184 102041
1 184 0
1 466 0
0 466 102041
0 184 0
1 415 0
1 123 0
0 123 102041
0 415 0
1 123 0
1 415 0
0 415 102041
0 123 0
1 184 0
1 369 0
0 369 102041
0 184 0
1 184 0
1 369 0
0 369 102041
0 184 0
1 138 0
1 349 0
0 349 102041
0 138 0
1 138 0
1 349 0
0 349 102041
0 138 0
1 207 0
1 311 0
0 311 102041
0 207 0
1 311 0
1 207 0
0 207 102041
0 311 0
1 138 0
1 349 0
0 349 102041
0 138 0
1 349 0
1 138 0
0 138 102041
0 349 0
1 369 0
1 207 0
0 207 102041
0 369 0
1 207 0
1 369 0
0 369 102041
0 207 0
1 349 0
1 146 0
0 146 102041
0 349 0
1 349 0
1 146 0
0 146 102041
0 349 0
1 311 0
1 233 0
0 233 102041
0 311 0
1 233 0
1 311 0
0 311 102041
0 233 0
1 293 0
1 146 0
0 146 102041
0 293 0
1 293 0
1 146 0
0 146 102041
0 293 0
1 349 0
1 233 0
0 233 102041
0 349 0
1 349 0
1 233 0
0 233 102041
0 349 0
1 155 0
1 311 0
0 311 102041
0 155 0
1 311 0
1 155 0
0 155 102041
0 311 0
1 233 0
1 349 0
0 349 102041
0 233 0
1 349 0
1 233 0
0 233 102041
0 349 0
1 369 0
1 155 0
0 155 102041
0 369 0
1 369 0
1 155 0
0 155 102041
0 369 0
1 415 0
1 233 0
0 233 102041
0 415 0
1 415 0
1 233 0
0 233 102041
0 415 0
1 466 0
1 155 0
0 155 102041
0 466 0
1 155 0
0 155 102041
1 233 0
0 233 102041
1 233 0
1 466 0
0 466 102041
0 233 0
1 155 0
1 622 0
0 622 102041
0 155 0
1 155 0
1 622 0
0 622 102041
0 155 0
1 554 0
1 233 0
0 233 102041
0 554 0
1 233 0
1 554 0
0 554 102041
0 233 0
1 155 0
1 466 0
0 466 102041
0 155 0
1 155 0
0 155 102041
1 233 0
0 233 102041
1 233 0
1 466 0
0 466 102041
0 233 0
1 155 0
1 311 0
0 311 102041
0 155 0
1 155 0
0 155 102041
1 233 0
0 233 102041
1 311 0
1 233 0
0 233 102041
0 311 0
1 466 0
1 155 0
0 155 102041
0 466 0
1 155 0
1 466 0
0 466 102041
0 155 0
1 415 0
1 233 0
0 233 102041
0 415 0
1 415 0
1 233 0
0 233 102041
0 415 0
1 155 0
1 369 0
0 369 102041
0 155 0
1 155 0
1 369 0
0 369 102041
0 155 0
1 349 0
1 233 0
0 233 102041
0 349 0
1 349 0
1 233 0
0 233 102041
0 349 0
1 311 0
1 123 0
0 123 102041
0 311 0
1 311 0
1 123 0
0 123 102041
0 311 0
1 349 0
1 184 0
0 184 102041
0 349 0
1 184 0
1 349 0
0 349 102041
0 184 0
1 123 0
1 369 0
0 369 102041
0 123 0
1 369 0
1 123 0
0 123 102041
0 369 0
1 415 0
1 184 0
0 184 102041
0 415 0
1 184 0
1 415 0
0 415 102041
0 184 0
1 123 0
1 466 0
0 466 102041
0 123 0
1 123 0
0 123 102041
1 184 0
0 184 102041
1 466 0
1 184 0
0 184 102041
0 466 0
1 123 0
1 415 0
0 415 102041
0 123 0
1 123 0
1 415 0
0 415 102041
0 123 0
1 369 0
1 184 0
0 184 102041
0 369 0
1 369 0
1 184 0
0 184 102041
0 369 0
1 349 0
1 138 0
0 138 102041
0 349 0
1 138 0
0 138 102041
1 207 0
0 207 102041
1 207 0
1 349 0
0 349 102041
0 207 0
1 369 0
1 138 0
0 138 102041
0 369 0
1 138 0
0 138 102041
1 207 0
0 207 102041
1 369 0
1 207 0
0 207 102041
0 369 0
1 146 0
1 415 0
0 415 102041
0 146 0
1 146 0
0 146 102041
1 233 0
0 233 102041
1 233 0
1 415 0
0 415 102041
0 233 0
1 466 0
1 146 0
0 146 102041
0 466 0
1 146 0
0 146 102041
1 233 0
0 233 102041
1 233 0
1 466 0
0 466 102041
0 233 0
1 554 0
1 123 0
0 123 102041
0 554 0
1 554 0
1 123 0
0 123 102041
0 554 0
1 184 0
1 622 0
0 622 102041
0 184 0
1 184 0
1 622 0
0 622 102041
0 184 0
1 123 0
1 466 0
0 466 102041
0 123 0
1 123 0
1 466 0
0 466 102041
0 123 0
1 184 0
1 415 0
0 415 102041
0 184 0
1 415 0
1 184 0
0 184 102041
0 415 0
1 123 0
1 466 0
0 466 102041
0 123 0
1 123 0
0 123 102041
1 184 0
0 184 102041
1 184 0
1 466 0
0 466 102041
0 184 0
1 123 0
1 415 0
0 415 102041
0 123 0
1 415 0
1 123 0
0 123 102041
0 415 0
1 466 0
1 184 0
0 184 102041
0 466 0
1 184 0
1 466 0
0 466 102041
0 184 0
1 138 0
1 554 0
0 554 102041
0 138 0
1 554 0
1 138 0
0 138 102041
0 554 0
1 207 0
1 622 0
0 622 102041
0 207 0
1 622 0
1 207 0
0 207 102041
0 622 0
1 138 0
1 466 0
0 466 102041
0 138 0
1 466 0
1 138 0
0 138 102041
0 466 0
1 415 0
1 207 0
0 207 102041
0 415 0
1 207 0
1 415 0
0 415 102041
0 207 0
1 138 0
1 466 0
0 466 102041
0 138 0
1 138 0
0 138 102041
1 207 0
0 207 102041
1 207 0
1 466 0
0 466 102041
0 207 0
1 415 0
1 138 0
0 138 102041
0 415 0
1 138 0
1 415 0
0 415 102041
0 138 0
1 466 0
1 207 0
0 207 102041
0 466 0
1 466 0
1 207 0
0 207 102041
0 466 0
1 415 0
1 155 0
0 155 102041
0 415 0
1 415 0
1 155 0
0 155 102041
0 415 0
1 233 0
1 369 0
0 369 102041
0 233 0
1 369 0
1 233 0
0 233 102041
0 369 0
1 155 0
1 349 0
0 349 102041
0 155 0
1 349 0
1 155 0
0 155 102041
0 349 0
1 233 0
1 277 0
0 277 102041
0 233 0
1 277 0
1 233 0
0 233 102041
0 277 0
1 155 0
1 311 0
0 311 102041
0 155 0
1 155 0
0 155 102041
1 233 0
0 233 102041
1 311 0
1 233 0
0 233 102041
0 311 0
1 277 0
1 155 0
0 155 102041
0 277 0
1 155 0
1 277 0
0 277 102041
0 155 0
1 311 0
1 233 0
0 233 102041
0 311 0
1 233 0
1 311 0
0 311 102041
0 233 0
1 349 0
1 155 0
0 155 102041
0 349 0
1 155 0
1 349 0
0 349 102041
0 155 0
1 369 0
1 233 0
0 233 102041
0 369 0
1 233 0
1 369 0
0 369 102041
0 233 0
1 155 0
1 415 0
0 415 102041
0 155 0
1 155 0
1 415 0
0 415 102041
0 155 0
1 466 0
1 233 0
0 233 102041
0 466 0
1 466 0
1 233 0
0 233 102041
0 466 0
1 155 0
1 311 0
0 311 102041
0 155 0
1 155 0
0 155 102041
1 233 0
0 233 102041
1 311 0
1 233 0
0 233 102041
0 311 0
1 466 0
1 155 0
0 155 102041
0 466 0
1 466 0
1 155 0
0 155 102041
0 466 0
1 554 0
1 233 0
0 233 102041
0 554 0
1 233 0
1 554 0
0 554 102041
0 233 0
1 123 0
1 554 0
0 554 102041
0 123 0
1 123 0
1 554 0
0 554 102041
0 123 0
1 184 0
1 622 0
0 622 102041
0 184 0
1 184 0
1 622 0
0 622 102041
0 184 0
1 123 0
1 466 0
0 466 102041
0 123 0
1 466 0
1 123 0
0 123 102041
0 466 0
1 415 0
1 184 0
0 184 102041
0 415 0
1 415 0
1 184 0
0 184 102041
0 415 0
1 123 0
1 466 0
0 466 102041
0 123 0
1 123 0
0 123 102041
1 184 0
0 184 102041
1 184 0
1 466 0
0 466 102041
0 184 0
1 123 0
1 415 0
0 415 102041
0 123 0
1 123 0
1 415 0
0 415 102041
0 123 0
1 184 0
1 466 0
0 466 102041
0 184 0
1 184 0
1 466 0
0 466 102041
0 184 0
1 138 0
1 554 0
0 554 102041
0 138 0
1 138 0
1 554 0
0 554 102041
0 138 0
1 207 0
1 622 0
0 622 102041
0 207 0
1 622 0
1 207 0
0 207 102041
0 622 0
1 466 0
1 138 0
0 138 102041
0 466 0
1 138 0
1 466 0
0 466 102041
0 138 0
1 415 0
1 207 0
0 207 102041
0 415 0
1 415 0
1 207 0
0 207 102041
0 415 0
1 466 0
1 138 0
0 138 102041
0 466 0
1 138 0
0 138 102041
1 207 0
0 207 102041
1 466 0
1 207 0
0 207 102041
0 466 0
1 138 0
1 415 0
0 415 102041
0 138 0
1 415 0
1 138 0
0 138 102041
0 415 0
1 207 0
1 466 0
0 466 102041
0 207 0
1 207 0
1 466 0
0 466 102041
0 207 0
1 415 0
1 155 0
0 155 102041
0 415 0
1 415 0
1 155 0
0 155 102041
0 415 0
1 369 0
1 233 0
0 233 102041
0 369 0
1 369 0
1 233 0
0 233 102041
0 369 0
1 349 0
1 155 0
0 155 102041
0 349 0
1 155 0
1 349 0
0 349 102041
0 155 0
1 233 0
1 277 0
0 277 102041
0 233 0
1 277 0
1 233 0
0 233 102041
0 277 0
1 311 0
1 155 0
0 155 102041
0 311 0
1 155 0
0 155 102041
1 233 0
0 233 102041
1 311 0
1 233 0
0 233 102041
0 311 0
1 155 0
1 277 0
0 277 102041
0 155 0
1 155 0
1 277 0
0 277 102041
0 155 0
1 311 0
1 233 0
0 233 102041
0 311 0
1 311 0
1 233 0
0 233 102041
0 311 0
1 155 0
1 349 0
0 349 102041
0 155 0
1 155 0
1 349 0
0 349 102041
0 155 0
1 233 0
1 369 0
0 369 102041
0 233 0
1 233 0
1 369 0
0 369 102041
0 233 0
1 155 0
1 415 0
0 415 102041
0 155 0
1 415 0
1 155 0
0 155 102041
0 415 0
1 466 0
1 233 0
0 233 102041
0 466 0
1 466 0
1 233 0
0 233 102041
0 466 0
1 311 0
1 155 0
0 155 102041
0 311 0
1 155 0
0 155 102041
1 233 0
0 233 102041
1 311 0
1 233 0
0 233 102041
0 311 0
1 466 0
1 155 0
0 155 102041
0 466 0
1 466 0
1 155 0
0 155 102041
0 466 0
1 554 0
1 233 0
0 233 102041
0 554 0
1 554 0
1 233 0
0 233 102041
0 554 0
1 123 0
1 554 0
0 554 102041
0 123 0
1 123 0
1 554 0
0 554 102041
0 123 0
1 622 0
1 184 0
0 184 102041
0 622 0
1 184 0
1 622 0
0 622 102041
0 184 0
1 123 0
1 466 0
0 466 102041
0 123 0
1 123 0
1 466 0
0 466 102041
0 123 0
1 184 0
1 415 0
0 415 102041
0 184 0
1 184 0
1 415 0
0 415 102041
0 184 0
1 123 0
1 466 0
0 466 102041
0 123 0
1 123 0
0 123 102041
1 184 0
0 184 102041
1 466 0
1 184 0
0 184 102041
0 466 0
1 123 0
1 415 0
0 415 102041
0 123 0
1 123 0
1 415 0
0 415 102041
0 123 0
1 184 0
1 466 0
0 466 102041
0 184 0
1 184 0
1 466 0
0 466 102041
0 184 0
1 554 0
1 138 0
0 138 102041
0 554 0
1 138 0
1 554 0
0 554 102041
0 138 0
1 622 0
1 207 0
0 207 102041
0 622 0
1 207 0
1 622 0
0 622 102041
0 207 0
1 466 0
1 138 0
0 138 102041
0 466 0
1 466 0
1 138 0
0 138 102041
0 466 0
1 415 0
1 207 0
0 207 102041
0 415 0
1 207 0
1 415 0
0 415 102041
0 207 0
1 466 0
1 138 0
0 138 102041
0 466 0
1 138 0
0 138 102041
1 207 0
0 207 102041
1 466 0
1 207 0
0 207 102041
0 466 0
1 138 0
1 415 0
0 415 102041
0 138 0
1 415 0
1 138 0
0 138 102041
0 415 0
1 466 0
1 207 0
0 207 102041
0 466 0
1 207 0
1 466 0
0 466 102041
0 207 0
1 155 0
1 415 0
0 415 102041
0 155 0
1 415 0
1 155 0
0 155 102041
0 415 0
1 233 0
1 369 0
0 369 102041
0 233 0
1 233 0
1 369 0
0 369 102041
0 233 0
1 349 0
1 155 0
0 155 102041
0 349 0
1 155 0
1 349 0
0 349 102041
0 155 0
1 277 0
1 233 0
0 233 102041
0 277 0
1 277 0
1 233 0
0 233 102041
0 277 0
1 311 0
1 155 0
0 155 102041
0 311 0
1 155 0
0 155 102041
1 233 0
0 233 102041
1 233 0
1 311 0
0 311 102041
0 233 0
1 155 0
1 277 0
0 277 102041
0 155 0
1 277 0
1 155 0
0 155 102041
0 277 0
1 233 0
1 311 0
0 311 102041
0 233 0
1 311 0
1 233 0
0 233 102041
0 311 0
1 349 0
1 155 0
0 155 102041
0 349 0
1 349 0
1 155 0
0 155 102041
0 349 0
1 369 0
1 233 0
0 233 102041
0 369 0
1 369 0
1 233 0
0 233 102041
0 369 0
1 155 0
1 415 0
0 415 102041
0 155 0
1 155 0
1 415 0
0 415 102041
0 155 0
1 466 0
1 233 0
0 233 102041
0 466 0
1 466 0
1 233 0
0 233 102041
0 466 0
1 311 0
1 155 0
0 155 102041
0 311 0
1 155 0
0 155 102041
1 233 0
0 233 102041
1 311 0
1 233 0
0 233 102041
0 311 0
1 466 0
1 155 0
0 155 102041
0 466 0
1 155 0
1 466 0
0 466 102041
0 155 0
1 554 0
1 233 0
0 233 102041
0 554 0
1 233 0
1 554 0
0 554 102041
0 233 0
1 123 0
1 554 0
0 554 102041
0 123 0
1 123 0
1 554 0
0 554 102041
0 123 0
1 184 0
1 622 0
0 622 102041
0 184 0
1 622 0
1 184 0
0 184 102041
0 622 0
1 123 0
1 466 0
0 466 102041
0 123 0
1 123 0
1 466 0
0 466 102041
0 123 0
1 415 0
1 184 0
0 184 102041
0 415 0
1 184 0
1 415 0
0 415 102041
0 184 0
1 466 0
1 123 0
0 123 102041
0 466 0
1 123 0
0 123 102041
1 184 0
0 184 102041
1 466 0
1 184 0
0 184 102041
0 466 0
1 415 0
1 123 0
0 123 102041
0 415 0
1 123 0
1 415 0
0 415 102041
0 123 0
1 466 0
1 184 0
0 184 102041
0 466 0
1 466 0
1 184 0
0 184 102041
0 466 0
1 138 0
1 554 0
0 554 102041
0 138 0
1 554 0
1 138 0
0 138 102041
0 554 0
1 207 0
1 622 0
0 622 102041
0 207 0
1 207 0
1 622 0
0 622 102041
0 207 0
1 466 0
1 138 0
0 138 102041
0 466 0
1 138 0
1 466 0
0 466 102041
0 138 0
1 207 0
1 415 0
0 415 102041
0 207 0
1 207 0
1 415 0
0 415 102041
0 207 0
1 138 0
1 466 0
0 466 102041
0 138 0
1 138 0
0 138 102041
1 207 0
0 207 102041
1 466 0
1 207 0
0 207 102041
0 466 0
1 622 0
1 138 0
0 138 102041
0 622 0
1 138 0
1 622 0
0 622 102041
0 138 0
1 698 0
1 207 0
0 207 102041
0 698 0
1 698 0
1 207 0
0 207 102041
0 698 0
1 155 0
1 739 0
0 739 102041
0 155 0
1 739 0
1 155 0
0 155 102041
0 739 0
1 233 0
1 698 0
0 698 102041
0 233 0
1 698 0
1 233 0
0 233 102041
0 698 0
1 155 0
1 622 0
0 622 102041
0 155 0
1 155 0
1 622 0
0 622 102041
0 155 0
1 554 0
1 233 0
0 233 102041
0 554 0
1 554 0
1 233 0
0 233 102041
0 554 0
1 155 0
1 466 0
0 466 102041
0 155 0
1 155 0
0 155 102041
1 233 0
0 233 102041
1 233 0
1 466 0
0 466 102041
0 233 0
1 415 0
1 155 0
0 155 102041
0 415 0
1 415 0
1 155 0
0 155 102041
0 415 0
1 466 0
1 233 0
0 233 102041
0 466 0
1 466 0
1 233 0
0 233 102041
0 466 0
1 415 0
1 155 0
0 155 102041
0 415 0
1 155 0
1 415 0
0 415 102041
0 155 0
1 233 0
1 369 0
0 369 102041
0 233 0
1 233 0
1 369 0
0 369 102041
0 233 0
1 349 0
1 155 0
0 155 102041
0 349 0
1 155 0
1 349 0
0 349 102041
0 155 0
1 233 0
1 277 0
0 277 102041
0 233 0
1 233 0
1 277 0
0 277 102041
0 233 0
1 155 0
1 311 0
0 311 102041
0 155 0
1 155 0
0 155 102041
1 233 0
0 233 102041
1 311 0
1 233 0
0 233 102041
0 311 0
1 493 0
1 164 0
0 164 102041
0 493 0
1 164 0
1 493 0
0 493 102041
0 164 0
1 246 0
1 587 0
0 587 102041
0 246 0
1 587 0
1 246 0
0 246 102041
0 587 0
1 587 0
1 130 0
0 130 102041
0 587 0
1 130 0
1 587 0
0 587 102041
0 130 0
1 195 0
1 659 0
0 659 102041
0 195 0
1 659 0
1 195 0
0 195 102041
0 659 0
1 130 0
1 493 0
0 493 102041
0 130 0
1 130 0
1 493 0
0 493 102041
0 130 0
1 440 0
1 195 0
0 195 102041
0 440 0
1 195 0
1 440 0
0 440 102041
0 195 0
1 493 0
1 130 0
0 130 102041
0 493 0
1 130 0
0 130 102041
1 195 0
0 195 102041
1 493 0
1 195 0
0 195 102041
0 493 0
1 130 0
1 440 0
0 440 102041
0 130 0
1 130 0
1 440 0
0 440 102041
0 130 0
1 195 0
1 493 0
0 493 102041
0 195 0
1 195 0
1 493 0
0 493 102041
0 195 0
1 146 0
1 587 0
0 587 102041
0 146 0
1 146 0
1 587 0
0 587 102041
0 146 0
1 659 0
1 220 0
0 220 102041
0 659 0
1 659 0
1 220 0
0 220 102041
0 659 0
1 146 0
1 493 0
0 493 102041
0 146 0
1 493 0
1 146 0
0 146 102041
0 493 0
1 440 0
1 220 0
0 220 102041
0 440 0
1 440 0
1 220 0
0 220 102041
0 440 0
1 493 0
1 146 0
0 146 102041
0 493 0
1 146 0
0 146 102041
1 220 0
0 220 102041
1 493 0
1 220 0
0 220 102041
0 493 0
1 146 0
1 440 0
0 440 102041
0 146 0
1 146 0
1 440 0
0 440 102041
0 146 0
1 220 0
1 493 0
0 493 102041
0 220 0
1 220 0
1 493 0
0 493 102041
0 220 0
1 164 0
1 440 0
0 440 102041
0 164 0
1 164 0
1 440 0
0 440 102041
0 164 0
1 246 0
1 391 0
0 391 102041
0 246 0
1 391 0
1 246 0
0 246 102041
0 391 0
1 164 0
1 369 0
0 369 102041
0 164 0
1 369 0
1 164 0
0 164 102041
0 369 0
1 246 0
1 293 0
0 293 102041
0 246 0
1 246 0
1 293 0
0 293 102041
0 246 0
1 329 0
1 164 0
0 164 102041
0 329 0
1 164 0
0 164 102041
1 246 0
0 246 102041
1 246 0
1 329 0
0 329 102041
0 246 0
1 293 0
1 164 0
0 164 102041
0 293 0
1 293 0
1 164 0
0 164 102041
0 293 0
1 246 0
1 329 0
0 329 102041
0 246 0
1 246 0
1 329 0
0 329 102041
0 246 0
1 369 0
1 164 0
0 164 102041
0 369 0
1 369 0
1 164 0
0 164 102041
0 369 0
1 391 0
1 246 0
0 246 102041
0 391 0
1 246 0
1 391 0
0 391 102041
0 246 0
1 440 0
1 164 0
0 164 102041
0 440 0
1 440 0
1 164 0
0 164 102041
0 440 0
1 493 0
1 246 0
0 246 102041
0 493 0
1 493 0
1 246 0
0 246 102041
0 493 0
1 164 0
1 329 0
0 329 102041
0 164 0
1 164 0
0 164 102041
1 246 0
0 246 102041
1 329 0
1 246 0
0 246 102041
0 329 0
1 164 0
1 493 0
0 493 102041
0 164 0
1 493 0
1 164 0
0 164 102041
0 493 0
1 587 0
1 246 0
0 246 102041
0 587 0
1 587 0
1 246 0
0 246 102041
0 587 0
1 130 0
1 587 0
0 587 102041
0 130 0
1 130 0
1 587 0
0 587 102041
0 130 0
1 659 0
1 195 0
0 195 102041
0 659 0
1 195 0
1 659 0
0 659 102041
0 195 0
1 130 0
1 493 0
0 493 102041
0 130 0
1 493 0
1 130 0
0 130 102041
0 493 0
1 440 0
1 195 0
0 195 102041
0 440 0
1 440 0
1 195 0
0 195 102041
0 440 0
1 130 0
1 493 0
0 493 102041
0 130 0
1 130 0
0 130 102041
1 195 0
0 195 102041
1 195 0
1 493 0
0 493 102041
0 195 0
1 130 0
1 440 0
0 440 102041
0 130 0
1 130 0
1 440 0
0 440 102041
0 130 0
1 195 0
1 493 0
0 493 102041
0 195 0
1 195 0
1 493 0
0 493 102041
0 195 0
1 587 0
1 146 0
0 146 102041
0 587 0
1 146 0
1 587 0
0 587 102041
0 146 0
1 659 0
1 220 0
0 220 102041
0 659 0
1 220 0
1 659 0
0 659 102041
0 220 0
1 146 0
1 493 0
0 493 102041
0 146 0
1 493 0
1 146 0
0 146 102041
0 493 0
1 220 0
1 440 0
0 440 102041
0 220 0
1 220 0
1 440 0
0 440 102041
0 220 0
1 493 0
1 146 0
0 146 102041
0 493 0
1 146 0
0 146 102041
1 220 0
0 220 102041
1 493 0
1 220 0
0 220 102041
0 493 0
1 440 0
1 146 0
0 146 102041
0 440 0
1 440 0
1 146 0
0 146 102041
0 440 0
1 493 0
1 220 0
0 220 102041
0 493 0
1 220 0
1 493 0
0 493 102041
0 220 0
1 440 0
1 164 0
0 164 102041
0 440 0
1 164 0
1 440 0
0 440 102041
0 164 0
1 391 0
1 246 0
0 246 102041
0 391 0
1 391 0
1 246 0
0 246 102041
0 391 0
1 164 0
1 369 0
0 369 102041
0 164 0
1 369 0
1 164 0
0 164 102041
0 369 0
1 293 0
1 246 0
0 246 102041
0 293 0
1 293 0
1 246 0
0 246 102041
0 293 0
1 329 0
1 164 0
0 164 102041
0 329 0
1 164 0
0 164 102041
1 246 0
0 246 102041
1 329 0
1 246 0
0 246 102041
0 329 0
1 164 0
1 293 0
0 293 102041
0 164 0
1 164 0
1 293 0
0 293 102041
0 164 0
1 246 0
1 329 0
0 329 102041
0 246 0
1 246 0
1 329 0
0 329 102041
0 246 0
1 164 0
1 369 0
0 369 102041
0 164 0
1 164 0
1 369 0
0 369 102041
0 164 0
1 246 0
1 391 0
0 391 102041
0 246 0
1 246 0
1 391 0
0 391 102041
0 246 0
1 440 0
1 164 0
0 164 102041
0 440 0
1 440 0
1 164 0
0 164 102041
0 440 0
1 493 0
1 246 0
0 246 102041
0 493 0
1 493 0
1 246 0
0 246 102041
0 493 0
1 164 0
1 329 0
0 329 102041
0 164 0
1 164 0
0 164 102041
1 246 0
0 246 102041
1 329 0
1 246 0
0 246 102041
0 329 0
1 164 0
1 493 0
0 493 102041
0 164 0
1 493 0
1 164 0
0 164 102041
0 493 0
1 246 0
1 587 0
0 587 102041
0 246 0
1 246 0
1 587 0
0 587 102041
0 246 0
1 130 0
1 587 0
0 587 102041
0 130 0
1 587 0
1 130 0
0 130 102041
0 587 0
1 659 0
1 195 0
0 195 102041
0 659 0
1 195 0
1 659 0
0 659 102041
0 195 0
1 493 0
1 130 0
0 130 102041
0 493 0
1 130 0
1 493 0
0 493 102041
0 130 0
1 440 0
1 195 0
0 195 102041
0 440 0
1 440 0
1 195 0
0 195 102041
0 440 0
1 493 0
1 130 0
0 130 102041
0 493 0
1 130 0
0 130 102041
1 195 0
0 195 102041
1 493 0
1 195 0
0 195 102041
0 493 0
1 130 0
1 440 0
0 440 102041
0 130 0
1 440 0
1 130 0
0 130 102041
0 440 0
1 493 0
1 195 0
0 195 102041
0 493 0
1 195 0
1 493 0
0 493 102041
0 195 0
1 587 0
1 146 0
0 146 102041
0 587 0
1 146 0
1 587 0
0 587 102041
0 146 0
1 220 0
1 659 0
0 659 102041
0 220 0
1 659 0
1 220 0
0 220 102041
0 659 0
1 146 0
1 493 0
0 493 102041
0 146 0
1 493 0
1 146 0
0 146 102041
0 493 0
1 440 0
1 220 0
0 220 102041
0 440 0
1 440 0
1 220 0
0 220 102041
0 440 0
1 493 0
1 146 0
0 146 102041
0 493 0
1 146 0
0 146 102041
1 220 0
0 220 102041
1 220 0
1 493 0
0 493 102041
0 220 0
1 146 0
1 440 0
0 440 102041
0 146 0
1 440 0
1 146 0
0 146 102041
0 440 0
1 220 0
1 493 0
0 493 102041
0 220 0
1 493 0
1 220 0
0 220 102041
0 493 0
1 440 0
1 164 0
0 164 102041
0 440 0
1 164 0
1 440 0
0 440 102041
0 164 0
1 391 0
1 246 0
0 246 102041
0 391 0
1 391 0
1 246 0
0 246 102041
0 391 0
1 369 0
1 164 0
0 164 102041
0 369 0
1 369 0
1 164 0
0 164 102041
0 369 0
1 246 0
1 293 0
0 293 102041
0 246 0
1 246 0
1 293 0
0 293 102041
0 246 0
1 329 0
1 164 0
0 164 102041
0 329 0
1 164 0
0 164 102041
1 246 0
0 246 102041
1 329 0
1 246 0
0 246 102041
0 329 0
1 164 0
1 293 0
0 293 102041
0 164 0
1 164 0
1 293 0
0 293 102041
0 164 0
1 246 0
1 329 0
0 329 102041
0 246 0
1 329 0
1 246 0
0 246 102041
0 329 0
1 164 0
1 369 0
0 369 102041
0 164 0
1 164 0
1 369 0
0 369 102041
0 164 0
1 391 0
1 246 0
0 246 102041
0 391 0
1 391 0
1 246 0
0 246 102041
0 391 0
1 440 0
1 164 0
0 164 102041
0 440 0
1 440 0
1 164 0
0 164 102041
0 440 0
1 493 0
1 246 0
0 246 102041
0 493 0
1 493 0
1 246 0
0 246 102041
0 493 0
1 329 0
1 164 0
0 164 102041
0 329 0
1 164 0
0 164 102041
1 246 0
0 246 102041
1 246 0
1 329 0
0 329 102041
0 246 0
1 164 0
1 493 0
0 493 102041
0 164 0
1 164 0
1 493 0
0 493 102041
0 164 0
1 246 0
1 587 0
0 587 102041
0 246 0
1 246 0
1 587 0
0 587 102041
0 246 0
1 587 0
1 130 0
0 130 102041
0 587 0
1 130 0
1 587 0
0 587 102041
0 130 0
1 195 0
1 659 0
0 659 102041
0 195 0
1 659 0
1 195 0
0 195 102041
0 659 0
1 130 0
1 493 0
0 493 102041
0 130 0
1 493 0
1 130 0
0 130 102041
0 493 0
1 440 0
1 195 0
0 195 102041
0 440 0
1 195 0
1 440 0
0 440 102041
0 195 0
1 130 0
1 493 0
0 493 102041
0 130 0
1 130 0
0 130 102041
1 195 0
0 195 102041
1 195 0
1 493 0
0 493 102041
0 195 0
1 130 0
1 440 0
0 440 102041
0 130 0
1 130 0
1 440 0
0 440 102041
0 130 0
1 195 0
1 493 0
0 493 102041
0 195 0
1 195 0
1 493 0
0 493 102041
0 195 0
1 587 0
1 146 0
0 146 102041
0 587 0
1 587 0
1 146 0
0 146 102041
0 587 0
1 220 0
1 659 0
0 659 102041
0 220 0
1 659 0
1 220 0
0 220 102041
0 659 0
1 493 0
1 146 0
0 146 102041
0 493 0
1 493 0
1 146 0
0 146 102041
0 493 0
1 440 0
1 220 0
0 220 102041
0 440 0
1 220 0
1 440 0
0 440 102041
0 220 0
1 146 0
1 493 0
0 493 102041
0 146 0
1 146 0
0 146 102041
1 220 0
0 220 102041
1 493 0
1 220 0
0 220 102041
0 493 0
1 146 0
1 659 0
0 659 102041
0 146 0
1 659 0
1 146 0
0 146 102041
0 659 0
1 739 0
1 220 0
0 220 102041
0 739 0
1 739 0
1 220 0
0 220 102041
0 739 0
1 783 0
1 164 0
0 164 102041
0 783 0
1 164 0
1 783 0
0 783 102041
0 164 0
1 246 0
1 739 0
0 739 102041
0 246 0
1 246 0
1 739 0
0 739 102041
0 246 0
1 164 0
1 659 0
0 659 102041
0 164 0
1 659 0
1 164 0
0 164 102041
0 659 0
1 587 0
1 246 0
0 246 102041
0 587 0
1 246 0
1 587 0
0 587 102041
0 246 0
1 164 0
1 493 0
0 493 102041
0 164 0
1 164 0
0 164 102041
1 246 0
0 246 102041
1 246 0
1 493 0
0 493 102041
0 246 0
1 440 0
1 164 0
0 164 102041
0 440 0
1 440 0
1 164 0
0 164 102041
0 440 0
1 493 0
1 246 0
0 246 102041
0 493 0
1 493 0
1 246 0
0 246 102041
0 493 0
1 440 0
1 164 0
0 164 102041
0 440 0
1 440 0
1 164 0
0 164 102041
0 440 0
1 246 0
1 391 0
0 391 102041
0 246 0
1 391 0
1 246 0
0 246 102041
0 391 0
1 369 0
1 164 0
0 164 102041
0 369 0
1 164 0
1 369 0
0 369 102041
0 164 0
1 246 0
1 293 0
0 293 102041
0 246 0
1 246 0
1 293 0
0 293 102041
0 246 0
1 493 0
1 329 0
1 246 0
1 164 0
0 164 102041
0 246 0
0 329 0
0 493 0
1 164 612244
1 329 0
1 493 0
1 246 0
0 246 102041
0 493 0
0 329 0
0 164 0
