1 293 0
0 293 130435
1 293 0
0 293 130435
1 587 0
0 587 260870
1 440 0
0 440 391305
1 415 0
0 415 260870
1 391 0
0 391 260870
1 349 0
0 349 260870
1 293 0
0 293 130435
1 349 0
0 349 130435
1 391 0
0 391 130435
1 261 0
0 261 130435
1 261 0
0 261 130435
1 587 0
0 587 260870
1 440 0
0 440 391305
1 415 0
0 415 260870
1 391 0
0 391 260870
1 349 0
0 349 260870
1 293 0
0 293 130435
1 349 0
0 349 130435
1 391 0
0 391 130435
1 246 0
0 246 130435
1 246 0
0 246 130435
1 587 0
0 587 260870
1 440 0
0 440 391305
1 415 0
0 415 260870
1 391 0
0 391 260870
1 349 0
0 349 260870
1 293 0
0 293 130435
1 349 0
0 349 130435
1 391 0
0 391 130435
1 233 0
0 233 130435
1 233 0
0 233 130435
1 587 0
0 587 260870
1 440 0
0 440 391305
1 415 0
0 415 260870
1 391 0
0 391 260870
1 349 0
0 349 260870
1 293 0
0 293 130435
1 349 0
0 349 130435
1 391 0
0 391 130435
1 293 0
0 293 130435
1 293 0
0 293 130435
1 587 0
0 587 260870
1 440 0
0 440 391305
1 415 0
0 415 260870
1 391 0
0 391 260870
1 349 0
0 349 260870
1 293 0
0 293 130435
1 349 0
0 349 130435
1 391 0
0 391 130435
1 261 0
0 261 130435
1 261 0
0 261 130435
1 587 0
0 587 260870
1 440 0
0 440 391305
1 415 0
0 415 260870
1 391 0
0 391 260870
1 349 0
0 349 260870
1 293 0
0 293 130435
1 349 0
0 349 130435
1 391 0
0 391 130435
1 246 0
0 246 130435
1 246 0
0 246 130435
1 587 0
0 587 260870
1 440 0
0 440 391305
1 415 0
0 415 260870
1 391 0
0 391 260870
1 349 0
0 349 260870
1 293 0
0 293 130435
1 349 0
0 349 130435
1 391 0
0 391 130435
1 233 0
0 233 130435
1 233 0
0 233 130435
1 587 0
0 587 260870
1 440 0
0 440 391305
1 415 0
0 415 260870
1 391 0
0 391 260870
1 349 0
0 349 260870
1 293 0
0 293 130435
1 349 0
0 349 130435
1 391 0
0 391 130435
1 587 0
0 587 130435
1 587 0
0 587 130435
1 1174 0
0 1174 260870
1 880 0
0 880 391305
1 830 0
0 830 260870
1 783 0
0 783 260870
1 698 0
0 698 260870
1 587 0
0 587 130435
1 698 0
0 698 130435
1 783 0
0 783 130435
1 523 0
0 523 130435
1 523 0
0 523 130435
1 1174 0
0 1174 260870
1 880 0
0 880 391305
1 830 0
0 830 260870
1 783 0
0 783 260870
1 698 0
0 698 260870
1 587 0
0 587 130435
1 698 0
0 698 130435
1 783 0
0 783 130435
1 493 0
0 493 130435
1 493 0
0 493 130435
1 1174 0
0 1174 260870
1 880 0
0 880 391305
1 830 0
0 830 260870
1 783 0
0 783 260870
1 698 0
0 698 260870
1 587 0
0 587 130435
1 698 0
0 698 130435
1 783 0
0 783 130435
1 466 0
0 466 130435
1 466 0
0 466 130435
1 1174 0
0 1174 260870
1 880 0
0 880 391305
1 830 0
0 830 260870
1 783 0
0 783 260870
1 698 0
0 698 260870
1 587 0
0 587 130435
1 698 0
0 698 130435
1 783 0
0 783 130435
1 587 0
0 587 130435
1 587 0
0 587 130435
1 1174 0
0 1174 260870
1 880 0
0 880 391305
1 830 0
0 830 260870
1 783 0
0 783 260870
1 698 0
0 698 260870
1 587 0
0 587 130435
1 698 0
0 698 130435
1 783 0
0 783 130435
1 523 0
0 523 130435
1 523 0
0 523 130435
1 1174 0
0 1174 260870
1 880 0
0 880 391305
1 830 0
0 830 260870
1 783 0
0 783 260870
1 698 0
0 698 260870
1 587 0
0 587 130435
1 698 0
0 698 130435
1 783 0
0 783 130435
1 493 0
0 493 130435
1 493 0
0 493 130435
1 1174 0
0 1174 260870
1 880 0
0 880 391305
1 830 0
0 830 260870
1 783 0
0 783 260870
1 698 0
0 698 260870
1 587 0
0 587 130435
1 698 0
0 698 130435
1 783 0
0 783 130435
1 466 0
0 466 130435
1 466 0
0 466 130435
1 1174 0
0 1174 260870
1 880 0
0 880 391305
1 830 0
0 830 260870
1 783 0
0 783 260870
1 698 0
0 698 260870
1 587 0
0 587 130435
1 698 0
0 698 130435
1 783 0
0 783 130435
1 698 0
0 698 130435
1 698 130435
0 698 130435
1 698 0
0 698 260870
1 698 0
0 698 260870
1 698 0
0 698 260870
1 587 0
0 587 260870
1 587 0
0 587 652175
1 698 0
0 698 260870
1 698 0
0 698 130435
1 698 0
0 698 260870
1 783 0
0 783 260870
1 830 0
0 830 260870
1 783 0
0 783 130435
1 698 0
0 698 130435
1 587 0
0 587 130435
1 698 0
0 698 130435
1 783 0
0 783 391305
1 698 0
0 698 130435
1 698 130435
0 698 130435
1 698 0
0 698 260870
1 783 0
0 783 260870
1 830 0
0 830 260870
1 880 0
0 880 260870
1 1046 0
0 1046 130435
1 880 130435
0 880 391305
1 1174 0
0 1174 260870
1 1174 0
0 1174 260870
1 1174 0
0 1174 130435
1 880 0
0 880 130435
1 1174 0
0 1174 130435
1 1046 0
0 1046 1173915
1 698 0
1 880 0
0 698 130435
0 880 0
1 880 130435
1 698 0
0 880 130435
0 698 0
1 880 0
1 698 0
0 880 260870
0 698 0
1 880 0
1 698 0
0 880 260870
0 698 0
1 880 0
1 698 0
0 880 260870
0 698 0
1 783 0
1 587 0
0 783 260870
0 587 0
1 783 0
1 587 0
0 783 652175
0 587 0
1 698 0
1 880 0
0 698 130435
0 880 0
1 880 130435
1 698 0
0 880 130435
0 698 0
1 880 0
1 698 0
0 880 260870
0 698 0
1 880 0
1 698 0
0 880 260870
0 698 0
1 783 0
1 587 0
0 783 260870
0 587 0
1 880 0
1 698 0
0 880 260870
0 698 0
1 1174 0
1 880 0
0 1174 260870
0 880 0
1 880 0
1 698 0
0 880 130435
0 698 0
1 783 0
1 587 0
0 783 260870
0 587 0
1 698 0
1 1174 0
0 698 260870
0 1174 0
1 698 0
1 880 0
0 698 260870
0 880 0
1 587 0
1 783 0
0 587 260870
0 783 0
1 587 0
1 698 0
0 587 260870
0 698 0
1 1046 0
1 698 0
0 1046 260870
0 698 0
1 698 0
1 783 0
0 698 260870
0 783 0
1 587 0
1 698 0
0 587 260870
0 698 0
1 659 0
1 587 0
0 659 260870
0 587 0
1 466 0
0 466 260870
1 523 0
0 523 130435
1 587 0
0 587 130435
1 466 130435
1 698 0
0 466 260870
0 698 0
1 659 0
1 523 0
0 659 1173915
0 523 0
1 698 1043480
0 698 130435
1 587 0
0 587 130435
1 698 0
0 698 130435
1 783 0
0 783 130435
1 830 0
0 830 130435
1 783 0
0 783 130435
1 698 0
0 698 130435
1 587 0
0 587 130435
1 830 0
0 830 65218
1 783 0
0 783 65218
1 698 0
0 698 65218
1 587 0
0 587 65218
1 698 0
0 698 130435
1 523 130435
1 783 0
0 523 1043480
0 783 0
1 830 130435
0 830 260870
1 880 0
0 880 130435
1 1046 0
0 1046 130435
1 880 130435
0 880 130435
1 830 0
0 830 130435
1 783 0
0 783 130435
1 698 0
0 698 130435
1 587 0
0 587 130435
1 659 0
0 659 130435
1 698 0
0 698 260870
1 783 0
0 783 260870
1 880 0
0 880 260870
1 1046 0
0 1046 260870
1 1108 0
1 554 0
0 1108 260870
0 554 0
1 830 0
0 830 260870
1 830 0
0 830 130435
1 783 0
0 783 130435
1 698 0
0 698 130435
1 622 0
1 783 0
0 622 1173915
0 783 0
1 349 0
0 349 260870
1 391 0
0 391 260870
1 440 0
1 349 0
0 440 260870
0 349 0
1 698 0
0 698 260870
1 659 0
1 523 0
0 659 521740
0 523 0
1 440 0
1 587 0
0 440 521740
0 587 0
1 391 0
1 659 0
0 391 521740
0 659 0
1 698 0
1 440 0
0 698 521740
0 440 0
1 783 0
1 523 0
0 783 521740
0 523 0
1 440 0
1 659 0
0 440 521740
0 659 0
1 587 0
1 880 0
0 587 1043480
0 880 0
1 880 0
0 880 130435
1 830 0
0 830 130435
1 783 0
0 783 130435
1 739 0
0 739 130435
1 698 0
0 698 130435
1 659 0
0 659 130435
1 622 0
0 622 130435
1 587 0
0 587 130435
1 554 0
1 415 0
0 554 913045
0 415 0
1 622 0
1 466 0
0 622 1173915
0 466 0
1 698 1043480
0 698 130435
1 587 0
0 587 130435
1 698 0
0 698 130435
1 783 0
0 783 130435
1 830 0
0 830 130435
1 783 0
0 783 130435
1 698 0
0 698 130435
1 587 0
0 587 130435
1 830 0
0 830 65218
1 783 0
0 783 65218
1 698 0
0 698 65218
1 587 0
0 587 65218
1 698 0
0 698 130435
1 783 130435
1 523 0
0 783 1043480
0 523 0
1 830 130435
0 830 260870
1 880 0
0 880 130435
1 1046 0
0 1046 130435
1 880 130435
0 880 130435
1 830 0
0 830 130435
1 783 0
0 783 130435
1 698 0
0 698 130435
1 587 0
0 587 130435
1 659 0
0 659 130435
1 698 0
0 698 260870
1 783 0
0 783 260870
1 880 0
0 880 260870
1 1046 0
0 1046 260870
1 554 0
1 1108 0
0 554 260870
0 1108 0
1 830 0
0 830 260870
1 830 0
0 830 130435
1 783 0
0 783 130435
1 698 0
0 698 130435
1 622 0
1 783 0
0 622 1173915
0 783 0
1 349 0
0 349 260870
1 391 0
0 391 260870
1 440 0
1 349 0
0 440 260870
0 349 0
1 698 0
0 698 260870
1 659 0
1 523 0
0 659 521740
0 523 0
1 440 0
1 587 0
0 440 521740
0 587 0
1 391 0
1 659 0
0 391 521740
0 659 0
1 698 0
1 440 0
0 698 521740
0 440 0
1 783 0
1 523 0
0 783 521740
0 523 0
1 440 0
1 659 0
0 440 521740
0 659 0
1 587 0
1 880 0
0 587 1043480
0 880 0
1 880 0
0 880 130435
1 830 0
0 830 130435
1 783 0
0 783 130435
1 739 0
0 739 130435
1 698 0
0 698 130435
1 659 0
0 659 130435
1 622 0
0 622 130435
1 587 0
0 587 130435
1 415 0
1 554 0
0 415 913045
0 554 0
1 466 0
1 622 0
0 466 1173915
0 622 0
1 233 0
0 233 1565220
1 349 0
0 349 521740
1 329 0
0 329 1043480
1 293 0
0 293 1043480
1 349 0
0 349 2086960
1 233 2086960
0 233 1565220
1 349 0
0 349 521740
1 329 0
0 329 1043480
1 293 0
0 293 1043480
1 293 0
0 293 2086960
1 293 2086960
0 293 130435
1 293 0
0 293 130435
1 587 0
0 587 260870
1 440 0
0 440 391305
1 415 0
0 415 260870
1 391 0
0 391 260870
1 349 0
0 349 260870
1 293 0
0 293 130435
1 349 0
0 349 130435
1 391 0
0 391 130435
1 261 0
0 261 130435
1 261 0
0 261 130435
1 587 0
0 587 260870
1 440 0
0 440 391305
1 415 0
0 415 260870
1 391 0
0 391 260870
1 349 0
0 349 260870
1 293 0
0 293 130435
1 349 0
0 349 130435
1 391 0
0 391 130435
1 246 0
0 246 130435
1 246 0
0 246 130435
1 587 0
0 587 260870
1 440 0
0 440 391305
1 415 0
0 415 260870
1 391 0
0 391 260870
1 349 0
0 349 260870
1 293 0
0 293 130435
1 349 0
0 349 130435
1 391 0
0 391 130435
1 246 0
0 246 130435
1 246 0
0 246 130435
1 587 0
0 587 260870
1 440 0
0 440 391305
1 415 0
0 415 260870
1 391 0
0 391 260870
1 349 0
0 349 260870
1 293 0
0 293 130435
1 349 0
0 349 130435
1 391 0
0 391 130435
1 293 0
0 293 130435
1 293 0
0 293 130435
1 587 0
0 587 260870
1 440 0
0 440 391305
1 415 0
0 415 260870
1 391 0
0 391 260870
1 349 0
0 349 260870
1 293 0
0 293 130435
1 349 0
0 349 130435
1 391 0
0 391 130435
1 261 0
0 261 130435
1 261 0
0 261 130435
1 587 0
0 587 260870
1 440 0
0 440 391305
1 415 0
0 415 260870
1 391 0
0 391 260870
1 349 0
0 349 260870
1 293 0
0 293 130435
1 349 0
0 349 130435
1 391 0
0 391 130435
1 587 260870
1 698 0
0 587 195652
0 698 65218
1 659 0
1 440 0
0 659 130435
0 440 0
1 415 260870
1 523 0
0 415 260870
0 523 0
1 659 0
1 391 0
0 659 130435
0 391 0
1 349 130435
1 587 0
0 349 260870
0 587 0
1 440 0
1 261 0
0 440 130435
0 261 0
1 523 0
1 329 0
0 523 130435
0 329 0
1 349 0
1 587 0
0 349 130435
0 587 0
1 587 260870
1 698 0
0 587 195652
0 698 65218
1 440 0
1 659 0
0 440 130435
0 659 0
1 415 260870
1 523 0
0 415 260870
0 523 0
1 391 0
1 659 0
0 391 130435
0 659 0
1 349 130435
1 587 0
0 349 260870
0 587 0
1 261 0
1 440 0
0 261 130435
0 440 0
1 523 0
1 329 0
0 523 130435
0 329 0
1 587 0
1 349 0
0 587 130435
0 349 0
1 466 0
1 349 0
0 466 260870
0 349 0
1 466 0
1 349 0
0 466 260870
0 349 0
1 349 0
1 466 0
0 349 130435
0 466 0
1 349 0
1 466 0
0 349 260870
0 466 0
1 466 0
1 349 0
0 466 260870
0 349 0
1 349 0
1 466 0
0 349 260870
0 466 0
1 466 0
1 349 0
0 466 260870
0 349 0
1 349 0
1 466 0
0 349 130435
0 466 0
1 349 0
1 466 0
0 349 260870
0 466 0
1 391 0
1 523 0
0 391 260870
0 523 0
1 523 0
1 391 0
0 523 260870
0 391 0
1 391 0
1 523 0
0 391 130435
0 523 0
1 391 0
1 523 0
0 391 260870
0 523 0
1 523 0
1 391 0
0 523 260870
0 391 0
1 391 0
1 523 0
0 391 260870
0 523 0
1 523 0
1 391 0
0 523 260870
0 391 0
1 391 0
1 523 0
0 391 130435
0 523 0
1 391 0
1 523 0
0 391 260870
0 523 0
1 440 0
1 587 0
0 440 260870
0 587 0
1 587 0
1 440 0
0 587 260870
0 440 0
1 440 0
1 587 0
0 440 130435
0 587 0
1 440 0
1 587 0
0 440 260870
0 587 0
1 554 0
1 415 0
0 554 260870
0 415 0
1 415 0
1 554 0
0 415 260870
0 554 0
1 554 0
1 415 0
0 554 260870
0 415 0
1 415 0
1 554 0
0 415 130435
0 554 0
1 415 0
1 554 0
0 415 260870
0 554 0
1 391 0
1 523 0
0 391 260870
0 523 0
1 523 0
1 391 0
0 523 260870
0 391 0
1 391 0
1 523 0
0 391 130435
0 523 0
1 391 0
1 523 0
0 391 260870
0 523 0
1 493 0
1 391 0
0 493 260870
0 391 0
1 391 0
1 493 0
0 391 260870
0 493 0
1 493 0
1 391 0
0 493 260870
0 391 0
1 391 0
1 493 0
0 391 130435
0 493 0
1 391 0
1 493 0
0 391 260870
0 493 0
1 349 0
1 466 0
0 349 260870
0 466 0
1 466 0
1 349 0
0 466 260870
0 349 0
1 349 0
1 466 0
0 349 130435
0 466 0
1 349 0
1 466 0
0 349 260870
0 466 0
1 466 0
1 349 0
0 466 260870
0 349 0
1 349 0
1 466 0
0 349 260870
0 466 0
1 466 0
1 349 0
0 466 260870
0 349 0
1 349 0
1 466 0
0 349 130435
0 466 0
1 349 0
1 466 0
0 349 260870
0 466 0
1 391 0
1 523 0
0 391 260870
0 523 0
1 523 0
1 391 0
0 523 260870
0 391 0
1 391 0
1 523 0
0 391 130435
0 523 0
1 391 0
1 523 0
0 391 260870
0 523 0
1 523 0
1 391 0
0 523 260870
0 391 0
1 391 0
1 523 0
0 391 260870
0 523 0
1 523 0
1 391 0
0 523 260870
0 391 0
1 391 0
1 523 0
0 391 130435
0 523 0
1 391 0
1 523 0
0 391 260870
0 523 0
1 440 0
1 587 0
0 440 260870
0 587 0
1 587 0
1 440 0
0 587 260870
0 440 0
1 440 0
1 587 0
0 440 130435
0 587 0
1 440 0
1 587 0
0 440 260870
0 587 0
1 587 0
1 440 0
0 587 260870
0 440 0
1 440 0
1 587 0
0 440 260870
0 587 0
1 587 0
1 440 0
0 587 260870
0 440 0
1 440 0
1 587 0
0 440 130435
0 587 0
1 440 0
1 587 0
0 440 260870
0 587 0
1 440 0
1 587 0
0 440 260870
0 587 0
1 587 0
1 440 0
0 587 260870
0 440 0
1 440 0
1 587 0
0 440 130435
0 587 0
1 440 0
1 587 0
0 440 260870
0 587 0
1 587 0
1 440 0
0 587 260870
0 440 0
1 440 0
1 587 0
0 440 260870
0 587 0
1 587 0
1 440 0
0 587 260870
0 440 0
1 440 0
1 587 0
0 440 130435
0 587 0
1 440 0
1 587 0
0 440 260870
0 587 0
1 466 0
1 349 0
0 466 260870
0 349 0
1 466 0
1 349 0
0 466 260870
0 349 0
1 349 0
1 466 0
0 349 130435
0 466 0
1 349 0
1 466 0
0 349 260870
0 466 0
1 466 0
1 349 0
0 466 260870
0 349 0
1 349 0
1 466 0
0 349 260870
0 466 0
1 466 0
1 349 0
0 466 260870
0 349 0
1 349 0
1 466 0
0 349 130435
0 466 0
1 349 0
1 466 0
0 349 260870
0 466 0
1 391 0
1 523 0
0 391 260870
0 523 0
1 523 0
1 391 0
0 523 260870
0 391 0
1 391 0
1 523 0
0 391 130435
0 523 0
1 391 0
1 523 0
0 391 260870
0 523 0
1 523 0
1 391 0
0 523 260870
0 391 0
1 391 0
1 523 0
0 391 260870
0 523 0
1 523 0
1 391 0
0 523 260870
0 391 0
1 391 0
1 523 0
0 391 130435
0 523 0
1 391 0
1 523 0
0 391 260870
0 523 0
1 440 0
1 587 0
0 440 260870
0 587 0
1 587 0
1 440 0
0 587 260870
0 440 0
1 440 0
1 587 0
0 440 130435
0 587 0
1 440 0
1 587 0
0 440 260870
0 587 0
1 554 0
1 415 0
0 554 260870
0 415 0
1 415 0
1 554 0
0 415 260870
0 554 0
1 554 0
1 415 0
0 554 260870
0 415 0
1 415 0
1 554 0
0 415 130435
0 554 0
1 415 0
1 554 0
0 415 260870
0 554 0
1 391 0
1 523 0
0 391 260870
0 523 0
1 523 0
1 391 0
0 523 260870
0 391 0
1 391 0
1 523 0
0 391 130435
0 523 0
1 391 0
1 523 0
0 391 260870
0 523 0
1 493 0
1 391 0
0 493 260870
0 391 0
1 391 0
1 493 0
0 391 260870
0 493 0
1 493 0
1 391 0
0 493 260870
0 391 0
1 391 0
1 493 0
0 391 130435
0 493 0
1 391 0
1 493 0
0 391 260870
0 493 0
1 349 0
1 466 0
0 349 260870
0 466 0
1 466 0
1 349 0
0 466 260870
0 349 0
1 349 0
1 466 0
0 349 130435
0 466 0
1 349 0
1 466 0
0 349 260870
0 466 0
1 466 0
1 349 0
0 466 260870
0 349 0
1 349 0
1 466 0
0 349 260870
0 466 0
1 466 0
1 349 0
0 466 260870
0 349 0
1 349 0
1 466 0
0 349 130435
0 466 0
1 349 0
1 466 0
0 349 260870
0 466 0
1 391 0
1 523 0
0 391 260870
0 523 0
1 523 0
1 391 0
0 523 260870
0 391 0
1 391 0
1 523 0
0 391 130435
0 523 0
1 391 0
1 523 0
0 391 260870
0 523 0
1 523 0
1 391 0
0 523 260870
0 391 0
1 391 0
1 523 0
0 391 260870
0 523 0
1 523 0
1 391 0
0 523 260870
0 391 0
1 391 0
1 523 0
0 391 130435
0 523 0
1 391 0
1 523 0
0 391 260870
0 523 0
1 293 0
0 293 130435
1 293 0
0 293 130435
1 587 0
0 587 260870
1 440 0
0 440 391305
1 415 0
0 415 260870
1 391 0
0 391 260870
1 349 0
0 349 260870
1 293 0
0 293 130435
1 349 0
0 349 130435
1 391 0
0 391 130435
1 293 0
0 293 130435
1 293 0
0 293 130435
1 587 0
0 587 260870
1 440 0
0 440 391305
1 415 0
0 415 260870
1 391 0
0 391 260870
1 349 0
0 349 260870
1 293 0
0 293 130435
1 349 0
0 349 130435
1 391 0
0 391 130435
1 233 0
0 233 130435
1 233 0
0 233 130435
1 587 0
0 587 260870
1 440 0
0 440 391305
1 415 0
0 415 260870
1 391 0
0 391 260870
1 349 0
0 349 260870
1 293 0
0 293 130435
1 349 0
0 349 130435
1 391 0
0 391 130435
1 261 0
0 261 130435
1 261 0
0 261 130435
1 587 0
0 587 260870
1 440 0
0 440 391305
1 415 0
0 415 260870
1 391 0
0 391 260870
1 349 0
0 349 260870
1 293 0
0 293 130435
1 349 0
0 349 130435
1 391 0
0 391 130435
1 293 0
0 293 130435
1 293 0
0 293 130435
1 587 0
0 587 260870
1 440 0
0 440 391305
1 415 0
0 415 260870
1 391 0
0 391 260870
1 349 0
0 349 260870
1 293 0
0 293 130435
1 349 0
0 349 130435
1 391 0
0 391 130435
1 293 0
0 293 130435
1 293 0
0 293 130435
1 587 0
0 587 260870
1 440 0
0 440 391305
1 415 0
0 415 260870
1 391 0
0 391 260870
1 349 0
0 349 260870
1 293 0
0 293 130435
1 349 0
0 349 130435
1 391 0
0 391 130435