1 146 8347840
0 146 260870
1 146 0
0 146 260870
1 146 0
0 146 130435
1 146 0
0 146 260870
1 146 0
0 146 260870
1 146 0
0 146 260870
1 146 0
0 146 260870
1 146 0
0 146 130435
1 146 0
0 146 260870
1 130 0
0 130 260870
1 130 0
0 130 260870
1 130 0
0 130 130435
1 130 0
0 130 260870
1 130 0
0 130 260870
1 130 0
0 130 260870
1 130 0
0 130 260870
1 130 0
0 130 130435
1 130 0
0 130 260870
1 123 0
0 123 260870
1 123 0
0 123 260870
1 123 0
0 123 130435
1 123 0
0 123 260870
1 123 0
0 123 260870
1 123 0
0 123 260870
1 123 0
0 123 260870
1 123 0
0 123 130435
1 123 0
0 123 260870
1 116 0
0 116 260870
1 116 0
0 116 260870
1 116 0
0 116 130435
1 116 0
0 116 260870
1 130 0
0 130 260870
1 130 0
0 130 260870
1 130 0
0 130 260870
1 130 0
0 130 130435
1 130 0
0 130 260870
1 146 0
1 73 0
0 146 260870
0 73 0
1 73 0
1 146 0
0 73 260870
0 146 0
1 146 0
1 73 0
0 146 130435
0 73 0
1 146 0
1 73 0
0 146 260870
0 73 0
1 146 0
1 73 0
0 146 260870
0 73 0
1 73 0
1 146 0
0 73 260870
0 146 0
1 146 0
1 73 0
0 146 260870
0 73 0
1 146 0
1 73 0
0 146 130435
0 73 0
1 146 0
1 73 0
0 146 260870
0 73 0
1 65 0
1 130 0
0 65 260870
0 130 0
1 65 0
1 130 0
0 65 260870
0 130 0
1 130 0
1 65 0
0 130 130435
0 65 0
1 130 0
1 65 0
0 130 260870
0 65 0
1 65 0
1 130 0
0 65 260870
0 130 0
1 130 0
1 65 0
0 130 260870
0 65 0
1 65 0
1 130 0
0 65 260870
0 130 0
1 130 0
1 65 0
0 130 130435
0 65 0
1 65 0
1 130 0
0 65 260870
0 130 0
1 123 0
1 61 0
0 123 260870
0 61 0
1 123 0
1 61 0
0 123 260870
0 61 0
1 61 0
1 123 0
0 61 130435
0 123 0
1 123 0
1 61 0
0 123 260870
0 61 0
1 123 0
1 61 0
0 123 260870
0 61 0
1 123 0
1 61 0
0 123 260870
0 61 0
1 123 0
1 61 0
0 123 260870
0 61 0
1 123 0
1 61 0
0 123 130435
0 61 0
1 123 0
1 61 0
0 123 260870
0 61 0
1 116 0
1 58 0
0 116 260870
0 58 0
1 116 0
1 58 0
0 116 260870
0 58 0
1 58 0
1 116 0
0 58 130435
0 116 0
1 116 0
1 58 0
0 116 260870
0 58 0
1 65 0
1 130 0
0 65 260870
0 130 0
1 130 0
1 65 0
0 130 260870
0 65 0
1 130 0
1 65 0
0 130 260870
0 65 0
1 130 0
1 65 0
0 130 130435
0 65 0
1 130 0
1 65 0
0 130 260870
0 65 0
1 146 0
1 73 0
0 146 260870
0 73 0
1 146 0
1 73 0
0 146 260870
0 73 0
1 73 0
1 146 0
0 73 130435
0 146 0
1 146 0
1 73 0
0 146 260870
0 73 0
1 146 0
1 73 0
0 146 260870
0 73 0
1 146 0
1 73 0
0 146 260870
0 73 0
1 146 0
1 73 0
0 146 260870
0 73 0
1 146 0
1 73 0
0 146 130435
0 73 0
1 146 0
1 73 0
0 146 260870
0 73 0
1 130 0
1 65 0
0 130 260870
0 65 0
1 130 0
1 65 0
0 130 260870
0 65 0
1 65 0
1 130 0
0 65 130435
0 130 0
1 130 0
1 65 0
0 130 260870
0 65 0
1 130 0
1 65 0
0 130 260870
0 65 0
1 130 0
1 65 0
0 130 260870
0 65 0
1 130 0
1 65 0
0 130 260870
0 65 0
1 130 0
1 65 0
0 130 130435
0 65 0
1 130 0
1 65 0
0 130 260870
0 65 0
1 123 0
1 61 0
0 123 260870
0 61 0
1 123 0
1 61 0
0 123 260870
0 61 0
1 61 0
1 123 0
0 61 130435
0 123 0
1 61 0
1 123 0
0 61 260870
0 123 0
1 123 0
1 61 0
0 123 260870
0 61 0
1 61 0
1 123 0
0 61 260870
0 123 0
1 123 0
1 61 0
0 123 260870
0 61 0
1 61 0
1 123 0
0 61 130435
0 123 0
1 123 0
1 61 0
0 123 260870
0 61 0
1 116 0
1 58 0
0 116 260870
0 58 0
1 116 0
1 58 0
0 116 260870
0 58 0
1 58 0
1 116 0
0 58 130435
0 116 0
1 58 0
1 116 0
0 58 260870
0 116 0
1 65 0
1 130 0
0 65 260870
0 130 0
1 65 0
1 130 0
0 65 260870
0 130 0
1 130 0
1 65 0
0 130 260870
0 65 0
1 65 0
1 130 0
0 65 130435
0 130 0
1 130 0
1 65 0
0 130 260870
0 65 0
1 146 0
1 220 0
0 146 260870
0 220 0
1 220 0
1 146 0
0 220 260870
0 146 0
1 146 0
1 220 0
0 146 130435
0 220 0
1 220 0
1 146 0
0 220 260870
0 146 0
1 220 0
1 146 0
0 220 260870
0 146 0
1 220 0
1 146 0
0 220 260870
0 146 0
1 146 0
1 220 0
0 146 260870
0 220 0
1 220 0
1 146 0
0 220 130435
0 146 0
1 146 0
1 220 0
0 146 260870
0 220 0
1 130 0
1 195 0
0 130 260870
0 195 0
1 195 0
1 130 0
0 195 260870
0 130 0
1 195 0
1 130 0
0 195 130435
0 130 0
1 195 0
1 130 0
0 195 260870
0 130 0
1 130 0
1 195 0
0 130 260870
0 195 0
1 130 0
1 195 0
0 130 260870
0 195 0
1 195 0
1 130 0
0 195 260870
0 130 0
1 130 0
1 195 0
0 130 130435
0 195 0
1 130 0
1 195 0
0 130 260870
0 195 0
1 195 0
1 123 0
0 195 260870
0 123 0
1 195 0
1 123 0
0 195 260870
0 123 0
1 195 0
1 123 0
0 195 130435
0 123 0
1 123 0
1 195 0
0 123 260870
0 195 0
1 123 0
1 195 0
0 123 260870
0 195 0
1 123 0
1 195 0
0 123 260870
0 195 0
1 195 0
1 123 0
0 195 260870
0 123 0
1 195 0
1 123 0
0 195 130435
0 123 0
1 123 0
1 195 0
0 123 260870
0 195 0
1 174 0
1 116 0
0 174 260870
0 116 0
1 174 0
1 116 0
0 174 260870
0 116 0
1 174 0
1 116 0
0 174 130435
0 116 0
1 174 0
1 116 0
0 174 260870
0 116 0
1 130 0
1 195 0
0 130 260870
0 195 0
1 130 0
1 195 0
0 130 260870
0 195 0
1 130 0
1 195 0
0 130 260870
0 195 0
1 130 0
1 195 0
0 130 130435
0 195 0
1 195 0
1 130 0
0 195 260870
0 130 0
1 220 0
1 146 0
0 220 260870
0 146 0
1 220 0
1 146 0
0 220 260870
0 146 0
1 220 0
1 146 0
0 220 130435
0 146 0
1 220 0
1 146 0
0 220 260870
0 146 0
1 220 0
1 146 0
0 220 260870
0 146 0
1 220 0
1 146 0
0 220 260870
0 146 0
1 220 0
1 146 0
0 220 260870
0 146 0
1 220 0
1 146 0
0 220 130435
0 146 0
1 146 0
1 220 0
0 146 260870
0 220 0
1 130 0
1 195 0
0 130 260870
0 195 0
1 195 0
1 130 0
0 195 260870
0 130 0
1 195 0
1 130 0
0 195 130435
0 130 0
1 195 0
1 130 0
0 195 260870
0 130 0
1 195 0
1 130 0
0 195 260870
0 130 0
1 195 0
1 130 0
0 195 260870
0 130 0
1 195 0
1 130 0
0 195 260870
0 130 0
1 195 0
1 130 0
0 195 130435
0 130 0
1 130 0
1 195 0
0 130 260870
0 195 0
1 123 0
1 195 0
0 123 260870
0 195 0
1 123 0
1 195 0
0 123 260870
0 195 0
1 195 0
1 123 0
0 195 130435
0 123 0
1 123 0
1 195 0
0 123 260870
0 195 0
1 123 0
1 195 0
0 123 260870
0 195 0
1 123 0
1 195 0
0 123 260870
0 195 0
1 123 0
1 195 0
0 123 260870
0 195 0
1 123 0
1 195 0
0 123 130435
0 195 0
1 195 0
1 123 0
0 195 260870
0 123 0
1 174 0
1 116 0
0 174 260870
0 116 0
1 174 0
1 116 0
0 174 260870
0 116 0
1 116 0
1 174 0
0 116 130435
0 174 0
1 116 0
1 174 0
0 116 260870
0 174 0
1 130 0
1 195 0
0 130 260870
0 195 0
1 195 0
1 130 0
0 195 260870
0 130 0
1 130 0
1 195 0
0 130 260870
0 195 0
1 195 0
1 130 0
0 195 130435
0 130 0
1 195 0
1 130 0
0 195 260870
0 130 0
1 174 0
1 116 0
0 174 260870
0 116 0
1 116 0
1 174 0
0 116 260870
0 174 0
1 174 0
1 116 0
0 174 130435
0 116 0
1 116 0
1 174 0
0 116 260870
0 174 0
1 116 0
1 174 0
0 116 260870
0 174 0
1 116 0
1 174 0
0 116 260870
0 174 0
1 116 0
1 174 0
0 116 260870
0 174 0
1 116 0
1 174 0
0 116 130435
0 174 0
1 116 0
1 174 0
0 116 260870
0 174 0
1 195 0
1 130 0
0 195 260870
0 130 0
1 195 0
1 130 0
0 195 260870
0 130 0
1 195 0
1 130 0
0 195 130435
0 130 0
1 130 0
1 195 0
0 130 260870
0 195 0
1 130 0
1 195 0
0 130 260870
0 195 0
1 130 0
1 195 0
0 130 260870
0 195 0
1 130 0
1 195 0
0 130 260870
0 195 0
1 130 0
1 195 0
0 130 130435
0 195 0
1 130 0
1 195 0
0 130 260870
0 195 0
1 220 0
1 146 0
0 220 260870
0 146 0
1 146 0
1 220 0
0 146 260870
0 220 0
1 146 0
1 220 0
0 146 130435
0 220 0
1 146 0
1 220 0
0 146 260870
0 220 0
1 146 0
1 220 0
0 146 260870
0 220 0
1 146 0
1 220 0
0 146 260870
0 220 0
1 146 0
1 220 0
0 146 260870
0 220 0
1 146 0
1 220 0
0 146 130435
0 220 0
1 146 0
1 220 0
0 146 260870
0 220 0
1 138 0
1 207 0
0 138 260870
0 207 0
1 207 0
1 138 0
0 207 260870
0 138 0
1 207 0
1 138 0
0 207 130435
0 138 0
1 138 0
1 207 0
0 138 260870
0 207 0
1 155 0
1 233 0
0 155 260870
0 233 0
1 155 0
1 233 0
0 155 260870
0 233 0
1 233 0
1 155 0
0 233 260870
0 155 0
1 155 0
1 233 0
0 155 130435
0 233 0
1 155 0
1 233 0
0 155 260870
0 233 0
1 116 0
1 174 0
0 116 260870
0 174 0
1 116 0
1 174 0
0 116 260870
0 174 0
1 116 0
1 174 0
0 116 130435
0 174 0
1 174 0
1 116 0
0 174 260870
0 116 0
1 174 0
1 116 0
0 174 260870
0 116 0
1 174 0
1 116 0
0 174 260870
0 116 0
1 174 0
1 116 0
0 174 260870
0 116 0
1 174 0
1 116 0
0 174 130435
0 116 0
1 116 0
1 174 0
0 116 260870
0 174 0
1 130 0
1 195 0
0 130 260870
0 195 0
1 130 0
1 195 0
0 130 260870
0 195 0
1 130 0
1 195 0
0 130 130435
0 195 0
1 195 0
1 130 0
0 195 260870
0 130 0
1 195 0
1 130 0
0 195 260870
0 130 0
1 195 0
1 130 0
0 195 260870
0 130 0
1 195 0
1 130 0
0 195 260870
0 130 0
1 195 0
1 130 0
0 195 130435
0 130 0
1 130 0
1 195 0
0 130 260870
0 195 0
1 146 0
1 220 0
0 146 260870
0 220 0
1 146 0
1 220 0
0 146 260870
0 220 0
1 146 0
1 220 0
0 146 130435
0 220 0
1 220 0
1 146 0
0 220 260870
0 146 0
1 220 0
1 146 0
0 220 260870
0 146 0
1 220 0
1 146 0
0 220 260870
0 146 0
1 220 0
1 146 0
0 220 260870
0 146 0
1 220 0
1 146 0
0 220 130435
0 146 0
1 220 0
1 146 0
0 220 260870
0 146 0
1 138 0
1 207 0
0 138 260870
0 207 0
1 138 0
1 207 0
0 138 260870
0 207 0
1 138 0
1 207 0
0 138 130435
0 207 0
1 207 0
1 138 0
0 207 260870
0 138 0
1 155 0
1 233 0
0 155 260870
0 233 0
1 233 0
1 155 0
0 233 260870
0 155 0
1 155 0
1 233 0
0 155 260870
0 233 0
1 233 0
1 155 0
0 233 130435
0 155 0
1 155 0
1 233 0
0 155 260870
0 233 0
1 116 0
1 174 0
0 116 260870
0 174 0
1 116 0
1 174 0
0 116 260870
0 174 0
1 174 0
1 116 0
0 174 130435
0 116 0
1 116 0
1 174 0
0 116 260870
0 174 0
1 116 0
1 174 0
0 116 260870
0 174 0
1 116 0
1 174 0
0 116 260870
0 174 0
1 116 0
1 174 0
0 116 260870
0 174 0
1 116 0
1 174 0
0 116 130435
0 174 0
1 116 0
1 174 0
0 116 260870
0 174 0
1 195 0
1 130 0
0 195 260870
0 130 0
1 195 0
1 130 0
0 195 260870
0 130 0
1 195 0
1 130 0
0 195 130435
0 130 0
1 130 0
1 195 0
0 130 260870
0 195 0
1 130 0
1 195 0
0 130 260870
0 195 0
1 130 0
1 195 0
0 130 260870
0 195 0
1 130 0
1 195 0
0 130 260870
0 195 0
1 130 0
1 195 0
0 130 130435
0 195 0
1 130 0
1 195 0
0 130 260870
0 195 0
1 220 0
1 146 0
0 220 260870
0 146 0
1 146 0
1 220 0
0 146 260870
0 220 0
1 146 0
1 220 0
0 146 130435
0 220 0
1 146 0
1 220 0
0 146 260870
0 220 0
1 146 0
1 220 0
0 146 260870
0 220 0
1 146 0
1 220 0
0 146 260870
0 220 0
1 146 0
1 220 0
0 146 260870
0 220 0
1 146 0
1 220 0
0 146 130435
0 220 0
1 146 0
1 220 0
0 146 260870
0 220 0
1 207 0
1 138 0
0 207 260870
0 138 0
1 207 0
1 138 0
0 207 260870
0 138 0
1 138 0
1 207 0
0 138 130435
0 207 0
1 138 0
1 207 0
0 138 260870
0 207 0
1 155 0
1 233 0
0 155 260870
0 233 0
1 155 0
1 233 0
0 155 260870
0 233 0
1 233 0
1 155 0
0 233 260870
0 155 0
1 155 0
1 233 0
0 155 130435
0 233 0
1 155 0
1 233 0
0 155 260870
0 233 0
1 174 0
1 116 0
0 174 260870
0 116 0
1 174 0
1 116 0
0 174 260870
0 116 0
1 174 0
1 116 0
0 174 130435
0 116 0
1 174 0
1 116 0
0 174 260870
0 116 0
1 116 0
1 174 0
0 116 260870
0 174 0
1 174 0
1 116 0
0 174 260870
0 116 0
1 116 0
1 174 0
0 116 260870
0 174 0
1 174 0
1 116 0
0 174 130435
0 116 0
1 116 0
1 174 0
0 116 260870
0 174 0
1 195 0
1 130 0
0 195 260870
0 130 0
1 130 0
1 195 0
0 130 260870
0 195 0
1 195 0
1 130 0
0 195 130435
0 130 0
1 195 0
1 130 0
0 195 260870
0 130 0
1 130 0
1 195 0
0 130 260870
0 195 0
1 195 0
1 130 0
0 195 260870
0 130 0
1 130 0
1 195 0
0 130 260870
0 195 0
1 195 0
1 130 0
0 195 130435
0 130 0
1 130 0
1 195 0
0 130 260870
0 195 0
1 220 0
1 146 0
0 220 260870
0 146 0
1 146 0
1 220 0
0 146 260870
0 220 0
1 146 0
1 220 0
0 146 130435
0 220 0
1 220 0
1 146 0
0 220 260870
0 146 0
1 220 0
1 146 0
0 220 260870
0 146 0
1 220 0
1 146 0
0 220 260870
0 146 0
1 146 0
1 220 0
0 146 260870
0 220 0
1 220 0
1 146 0
0 220 130435
0 146 0
1 146 0
1 220 0
0 146 260870
0 220 0
1 138 0
1 207 0
0 138 260870
0 207 0
1 138 0
1 207 0
0 138 260870
0 207 0
1 138 0
1 207 0
0 138 130435
0 207 0
1 207 0
1 138 0
0 207 260870
0 138 0
1 155 0
1 233 0
0 155 260870
0 233 0
1 155 0
1 233 0
0 155 260870
0 233 0
1 233 0
1 155 0
0 233 260870
0 155 0
1 155 0
1 233 0
0 155 130435
0 233 0
1 155 0
1 233 0
0 155 260870
0 233 0
1 174 0
1 116 0
0 174 260870
0 116 0
1 116 0
1 174 0
0 116 260870
0 174 0
1 116 0
1 174 0
0 116 130435
0 174 0
1 116 0
1 174 0
0 116 260870
0 174 0
1 174 0
1 116 0
0 174 260870
0 116 0
1 174 0
1 116 0
0 174 260870
0 116 0
1 174 0
1 116 0
0 174 260870
0 116 0
1 174 0
1 116 0
0 174 130435
0 116 0
1 174 0
1 116 0
0 174 260870
0 116 0
1 195 0
1 130 0
0 195 260870
0 130 0
1 130 0
1 195 0
0 130 260870
0 195 0
1 195 0
1 130 0
0 195 130435
0 130 0
1 195 0
1 130 0
0 195 260870
0 130 0
1 195 0
1 130 0
0 195 260870
0 130 0
1 195 0
1 130 0
0 195 260870
0 130 0
1 195 0
1 130 0
0 195 260870
0 130 0
1 195 0
1 130 0
0 195 130435
0 130 0
1 195 0
1 130 0
0 195 260870
0 130 0
1 195 0
1 123 0
0 195 260870
0 123 0
1 195 0
1 123 0
0 195 260870
0 123 0
1 195 0
1 123 0
0 195 130435
0 123 0
1 123 0
1 195 0
0 123 260870
0 195 0
1 195 0
1 123 0
0 195 260870
0 123 0
1 123 0
1 195 0
0 123 260870
0 195 0
1 195 0
1 123 0
0 195 260870
0 123 0
1 123 0
1 195 0
0 123 130435
0 195 0
1 123 0
1 195 0
0 123 260870
0 195 0
1 123 0
1 195 0
0 123 260870
0 195 0
1 123 0
1 195 0
0 123 260870
0 195 0
1 123 0
1 195 0
0 123 130435
0 195 0
1 195 0
1 123 0
0 195 260870
0 123 0
1 195 0
1 123 0
0 195 260870
0 123 0
1 195 0
1 123 0
0 195 260870
0 123 0
1 195 0
1 123 0
0 195 260870
0 123 0
1 195 0
1 123 0
0 195 130435
0 123 0
1 195 0
1 123 0
0 195 260870
0 123 0
1 174 0
1 116 0
0 174 260870
0 116 0
1 116 0
1 174 0
0 116 260870
0 174 0
1 116 0
1 174 0
0 116 130435
0 174 0
1 174 0
1 116 0
0 174 260870
0 116 0
1 174 0
1 116 0
0 174 260870
0 116 0
1 174 0
1 116 0
0 174 260870
0 116 0
1 174 0
1 116 0
0 174 260870
0 116 0
1 174 0
1 116 0
0 174 130435
0 116 0
1 174 0
1 116 0
0 174 130435
0 116 0
1 174 0
1 116 0
0 174 130435
0 116 0
1 130 0
1 195 0
0 130 260870
0 195 0
1 130 0
1 195 0
0 130 260870
0 195 0
1 130 0
1 195 0
0 130 130435
0 195 0
1 195 0
1 130 0
0 195 260870
0 130 0
1 195 0
1 130 0
0 195 260870
0 130 0
1 195 0
1 130 0
0 195 260870
0 130 0
1 195 0
1 130 0
0 195 260870
0 130 0
1 195 0
1 130 0
0 195 130435
0 130 0
1 195 0
1 130 0
0 195 260870
0 130 0
1 146 0
1 220 0
0 146 260870
0 220 0
1 220 0
1 146 0
0 220 260870
0 146 0
1 146 0
1 220 0
0 146 130435
0 220 0
1 220 0
1 146 0
0 220 260870
0 146 0
1 146 0
1 220 0
0 146 260870
0 220 0
1 220 0
1 146 0
0 220 260870
0 146 0
1 146 0
1 220 0
0 146 260870
0 220 0
1 220 0
1 146 0
0 220 130435
0 146 0
1 146 0
1 220 0
0 146 260870
0 220 0
1 146 0
1 220 0
0 146 260870
0 220 0
1 220 0
1 146 0
0 220 260870
0 146 0
1 146 0
1 220 0
0 146 130435
0 220 0
1 220 0
1 146 0
0 220 260870
0 146 0
1 146 0
1 220 0
0 146 260870
0 220 0
1 220 0
1 146 0
0 220 260870
0 146 0
1 146 0
1 220 0
0 146 260870
0 220 0
1 220 0
1 146 0
0 220 130435
0 146 0
1 146 0
1 220 0
0 146 260870
0 220 0
1 116 0
1 174 0
0 116 260870
0 174 0
1 116 0
1 174 0
0 116 260870
0 174 0
1 174 0
1 116 0
0 174 130435
0 116 0
1 116 0
1 174 0
0 116 260870
0 174 0
1 116 0
1 174 0
0 116 260870
0 174 0
1 116 0
1 174 0
0 116 260870
0 174 0
1 116 0
1 174 0
0 116 260870
0 174 0
1 116 0
1 174 0
0 116 130435
0 174 0
1 116 0
1 174 0
0 116 260870
0 174 0
1 195 0
1 130 0
0 195 260870
0 130 0
1 130 0
1 195 0
0 130 260870
0 195 0
1 195 0
1 130 0
0 195 130435
0 130 0
1 130 0
1 195 0
0 130 260870
0 195 0
1 130 0
1 195 0
0 130 260870
0 195 0
1 130 0
1 195 0
0 130 260870
0 195 0
1 130 0
1 195 0
0 130 260870
0 195 0
1 130 0
1 195 0
0 130 130435
0 195 0
1 130 0
1 195 0
0 130 260870
0 195 0
1 195 0
1 123 0
0 195 260870
0 123 0
1 195 0
1 123 0
0 195 260870
0 123 0
1 123 0
1 195 0
0 123 130435
0 195 0
1 195 0
1 123 0
0 195 260870
0 123 0
1 195 0
1 123 0
0 195 260870
0 123 0
1 195 0
1 123 0
0 195 260870
0 123 0
1 195 0
1 123 0
0 195 260870
0 123 0
1 123 0
1 195 0
0 123 130435
0 195 0
1 195 0
1 123 0
0 195 260870
0 123 0
1 123 0
1 195 0
0 123 260870
0 195 0
1 123 0
1 195 0
0 123 260870
0 195 0
1 195 0
1 123 0
0 195 130435
0 123 0
1 195 0
1 123 0
0 195 260870
0 123 0
1 195 0
1 123 0
0 195 260870
0 123 0
1 195 0
1 123 0
0 195 260870
0 123 0
1 195 0
1 123 0
0 195 260870
0 123 0
1 123 0
1 195 0
0 123 130435
0 195 0
1 195 0
1 123 0
0 195 260870
0 123 0
1 174 0
1 116 0
0 174 260870
0 116 0
1 174 0
1 116 0
0 174 260870
0 116 0
1 116 0
1 174 0
0 116 130435
0 174 0
1 116 0
1 174 0
0 116 260870
0 174 0
1 174 0
1 116 0
0 174 260870
0 116 0
1 116 0
1 174 0
0 116 260870
0 174 0
1 174 0
1 116 0
0 174 260870
0 116 0
1 116 0
1 174 0
0 116 130435
0 174 0
1 116 0
1 174 0
0 116 260870
0 174 0
1 130 0
1 195 0
0 130 260870
0 195 0
1 195 0
1 130 0
0 195 260870
0 130 0
1 130 0
1 195 0
0 130 130435
0 195 0
1 130 0
1 195 0
0 130 260870
0 195 0
1 195 0
1 130 0
0 195 260870
0 130 0
1 130 0
1 195 0
0 130 260870
0 195 0
1 195 0
1 130 0
0 195 260870
0 130 0
1 130 0
1 195 0
0 130 130435
0 195 0
1 130 0
1 195 0
0 130 260870
0 195 0
1 293 0
1 146 0
1 220 0
0 293 130435
0 146 0
0 220 0
1 146 0
1 293 0
1 220 0
0 146 130435
0 293 0
0 220 0
1 293 1826090
1 146 0
1 220 0
0 293 130435
0 146 0
0 220 0
1 220 0
1 293 0
1 146 0
0 220 130435
0 293 0
0 146 0
1 146 913045
1 220 0
0 146 260870
0 220 0
1 146 0
1 220 0
0 146 260870
0 220 0
1 146 0
1 220 0
0 146 130435
0 220 0
1 220 0
1 146 0
0 220 260870
0 146 0
1 116 0
1 174 0
0 116 260870
0 174 0
1 174 0
1 116 0
0 174 260870
0 116 0
1 174 0
1 116 0
0 174 130435
0 116 0
1 116 0
1 174 0
0 116 260870
0 174 0
1 174 0
1 116 0
0 174 260870
0 116 0
1 116 0
1 174 0
0 116 260870
0 174 0
1 174 0
1 116 0
0 174 260870
0 116 0
1 116 0
1 174 0
0 116 130435
0 174 0
1 174 0
1 116 0
0 174 260870
0 116 0
1 130 0
1 195 0
0 130 260870
0 195 0
1 195 0
1 130 0
0 195 260870
0 130 0
1 195 0
1 130 0
0 195 130435
0 130 0
1 130 0
1 195 0
0 130 260870
0 195 0
1 195 0
1 130 0
0 195 260870
0 130 0
1 130 0
1 195 0
0 130 260870
0 195 0
1 195 0
1 130 0
0 195 260870
0 130 0
1 130 0
1 195 0
0 130 130435
0 195 0
1 195 0
1 130 0
0 195 260870
0 130 0
1 146 0
1 220 0
0 146 260870
0 220 0
1 220 0
1 146 0
0 220 260870
0 146 0
1 220 0
1 146 0
0 220 130435
0 146 0
1 146 0
1 220 0
0 146 260870
0 220 0
1 207 0
1 138 0
0 207 260870
0 138 0
1 138 0
1 207 0
0 138 260870
0 207 0
1 207 0
1 138 0
0 207 260870
0 138 0
1 138 0
1 207 0
0 138 130435
0 207 0
1 207 0
1 138 0
0 207 260870
0 138 0
1 130 0
1 195 0
0 130 260870
0 195 0
1 195 0
1 130 0
0 195 260870
0 130 0
1 195 0
1 130 0
0 195 130435
0 130 0
1 130 0
1 195 0
0 130 260870
0 195 0
1 123 0
1 195 0
0 123 260870
0 195 0
1 123 0
1 195 0
0 123 260870
0 195 0
1 195 0
1 123 0
0 195 260870
0 123 0
1 123 0
1 195 0
0 123 130435
0 195 0
1 195 0
1 123 0
0 195 260870
0 123 0
1 116 0
1 174 0
0 116 260870
0 174 0
1 174 0
1 116 0
0 174 260870
0 116 0
1 174 0
1 116 0
0 174 130435
0 116 0
1 116 0
1 174 0
0 116 260870
0 174 0
1 174 0
1 116 0
0 174 260870
0 116 0
1 116 0
1 174 0
0 116 260870
0 174 0
1 174 0
1 116 0
0 174 260870
0 116 0
1 116 0
1 174 0
0 116 130435
0 174 0
1 174 0
1 116 0
0 174 260870
0 116 0
1 130 0
1 195 0
0 130 260870
0 195 0
1 195 0
1 130 0
0 195 260870
0 130 0
1 195 0
1 130 0
0 195 130435
0 130 0
1 130 0
1 195 0
0 130 260870
0 195 0
1 195 0
1 130 0
0 195 260870
0 130 0
1 130 0
1 195 0
0 130 260870
0 195 0
1 195 0
1 130 0
0 195 260870
0 130 0
1 130 0
1 195 0
0 130 130435
0 195 0
1 195 0
1 130 0
0 195 260870
0 130 0
1 146 0
1 220 0
0 146 260870
0 220 0
1 220 0
1 146 0
0 220 260870
0 146 0
1 220 0
1 146 0
0 220 130435
0 146 0
1 146 0
1 220 0
0 146 260870
0 220 0
1 220 0
1 146 0
0 220 260870
0 146 0
1 146 0
1 220 0
0 146 260870
0 220 0
1 220 0
1 146 0
0 220 260870
0 146 0
1 146 0
1 220 0
0 146 130435
0 220 0
1 220 0
1 146 0
0 220 260870
0 146 0
1 146 0
1 220 0
0 146 260870
0 220 0
1 220 0
1 146 0
0 220 260870
0 146 0
1 220 0
1 146 0
0 220 130435
0 146 0
1 146 0
1 220 0
0 146 260870
0 220 0
1 146 0
1 220 0
0 146 260870
0 220 0
1 146 0
1 220 0
0 146 260870
0 220 0
1 146 0
1 220 0
0 146 260870
0 220 0
1 146 0
1 220 0
0 146 130435
0 220 0
1 220 0
1 146 0
0 220 260870
0 146 0
1 116 0
1 174 0
0 116 260870
0 174 0
1 174 0
1 116 0
0 174 260870
0 116 0
1 174 0
1 116 0
0 174 130435
0 116 0
1 116 0
1 174 0
0 116 260870
0 174 0
1 174 0
1 116 0
0 174 260870
0 116 0
1 116 0
1 174 0
0 116 260870
0 174 0
1 174 0
1 116 0
0 174 260870
0 116 0
1 116 0
1 174 0
0 116 130435
0 174 0
1 174 0
1 116 0
0 174 260870
0 116 0
1 130 0
1 195 0
0 130 260870
0 195 0
1 195 0
1 130 0
0 195 260870
0 130 0
1 195 0
1 130 0
0 195 130435
0 130 0
1 130 0
1 195 0
0 130 260870
0 195 0
1 195 0
1 130 0
0 195 260870
0 130 0
1 130 0
1 195 0
0 130 260870
0 195 0
1 195 0
1 130 0
0 195 260870
0 130 0
1 130 0
1 195 0
0 130 130435
0 195 0
1 195 0
1 130 0
0 195 260870
0 130 0
1 146 0
1 220 0
0 146 260870
0 220 0
1 220 0
1 146 0
0 220 260870
0 146 0
1 220 0
1 146 0
0 220 130435
0 146 0
1 146 0
1 220 0
0 146 260870
0 220 0
1 207 0
1 138 0
0 207 260870
0 138 0
1 138 0
1 207 0
0 138 260870
0 207 0
1 207 0
1 138 0
0 207 260870
0 138 0
1 138 0
1 207 0
0 138 130435
0 207 0
1 207 0
1 138 0
0 207 260870
0 138 0
1 130 0
1 195 0
0 130 260870
0 195 0
1 195 0
1 130 0
0 195 260870
0 130 0
1 195 0
1 130 0
0 195 130435
0 130 0
1 130 0
1 195 0
0 130 260870
0 195 0
1 123 0
1 195 0
0 123 260870
0 195 0
1 123 0
1 195 0
0 123 260870
0 195 0
1 195 0
1 123 0
0 195 260870
0 123 0
1 123 0
1 195 0
0 123 130435
0 195 0
1 195 0
1 123 0
0 195 260870
0 123 0
1 116 0
1 174 0
0 116 260870
0 174 0
1 174 0
1 116 0
0 174 260870
0 116 0
1 174 0
1 116 0
0 174 130435
0 116 0
1 116 0
1 174 0
0 116 260870
0 174 0
1 174 0
1 116 0
0 174 260870
0 116 0
1 116 0
1 174 0
0 116 260870
0 174 0
1 174 0
1 116 0
0 174 260870
0 116 0
1 116 0
1 174 0
0 116 130435
0 174 0
1 174 0
1 116 0
0 174 260870
0 116 0
1 130 0
1 195 0
0 130 260870
0 195 0
1 195 0
1 130 0
0 195 260870
0 130 0
1 195 0
1 130 0
0 195 130435
0 130 0
1 130 0
1 195 0
0 130 260870
0 195 0
1 195 0
1 130 0
0 195 260870
0 130 0
1 130 0
1 195 0
0 130 260870
0 195 0
1 195 0
1 130 0
0 195 260870
0 130 0
1 130 0
1 195 0
0 130 130435
0 195 0
1 195 0
1 130 0
0 195 260870
0 130 0
1 220 0
1 146 0
0 220 260870
0 146 0
1 220 0
1 146 0
0 220 260870
0 146 0
1 220 0
1 146 0
0 220 130435
0 146 0
1 146 0
1 220 0
0 146 260870
0 220 0
1 220 0
1 146 0
0 220 260870
0 146 0
1 146 0
1 220 0
0 146 260870
0 220 0
1 220 0
1 146 0
0 220 260870
0 146 0
1 146 0
1 220 0
0 146 130435
0 220 0
1 220 0
1 146 0
0 220 260870
0 146 0
1 146 0
1 220 0
0 146 260870
0 220 0
1 220 0
1 146 0
0 220 260870
0 146 0
1 220 0
1 146 0
0 220 130435
0 146 0
1 146 0
1 220 0
0 146 260870
0 220 0
1 146 0
1 220 0
0 146 260870
0 220 0
1 146 0
1 220 0
0 146 260870
0 220 0
1 146 0
1 220 0
0 146 260870
0 220 0
1 146 0
1 220 0
0 146 130435
0 220 0
1 220 0
1 146 0
0 220 260870
0 146 0
